#pages	 proc	         sum
1	 0.000934	 1048576
2	 0.000587	 1048576
3	 0.000621	 1048575
4	 0.000774	 1048576
5	 0.000435	 1048575
6	 0.000450	 1048572
7	 0.000399	 1048572
8	 0.000409	 1048576
9	 0.000380	 1048572
10	 0.000377	 1048570
11	 0.000367	 1048575
12	 0.000362	 1048572
13	 0.000359	 1048567
14	 0.000891	 1048572
15	 0.000352	 1048575
16	 0.000350	 1048576
17	 0.000360	 1048560
18	 0.000346	 1048572
19	 0.000343	 1048572
20	 0.000344	 1048560
21	 0.000735	 1048572
22	 0.000340	 1048564
23	 0.000395	 1048570
24	 0.000337	 1048560
25	 0.000335	 1048575
26	 0.000335	 1048554
27	 0.000334	 1048572
28	 0.000332	 1048572
29	 0.000332	 1048553
30	 0.000335	 1048560
31	 0.000332	 1048575
32	 0.000330	 1048576
33	 0.000330	 1048575
34	 0.000328	 1048560
35	 0.000702	 1048565
36	 0.000665	 1048572
37	 0.000330	 1048543
38	 0.000568	 1048572
39	 0.000326	 1048554
40	 0.000629	 1048560
41	 0.000525	 1048575
42	 0.000596	 1048572
43	 0.000527	 1048555
44	 0.000580	 1048564
45	 0.000518	 1048545
46	 0.000616	 1048570
47	 0.000326	 1048570
48	 0.000324	 1048560
49	 0.000323	 1048551
50	 0.000323	 1048550
51	 0.000323	 1048560
52	 0.000322	 1048528
53	 0.000323	 1048552
54	 0.000322	 1048572
55	 0.000322	 1048575
56	 0.000322	 1048544
57	 0.000323	 1048572
58	 0.000323	 1048524
59	 0.000325	 1048548
60	 0.000322	 1048560
61	 0.000464	 1048529
62	 0.000465	 1048544
63	 0.000470	 1048572
64	 0.000458	 1048576
65	 0.000456	 1048515
66	 0.000452	 1048542
67	 0.000453	 1048550
68	 0.000456	 1048560
69	 0.000446	 1048524
70	 0.000445	 1048530
71	 0.000444	 1048528
72	 0.000443	 1048536
73	 0.000440	 1048572
74	 0.000431	 1048506
75	 0.000504	 1048575
76	 0.000491	 1048572
77	 0.000509	 1048509
78	 0.000486	 1048554
79	 0.000483	 1048567
80	 0.000482	 1048560
81	 0.000479	 1048545
82	 0.000477	 1048534
83	 0.000468	 1048539
84	 0.000472	 1048572
85	 0.000474	 1048560
86	 0.000477	 1048512
87	 0.000469	 1048524
88	 0.000467	 1048520
89	 0.000465	 1048509
90	 0.000463	 1048500
91	 0.000463	 1048502
92	 0.000449	 1048524
93	 0.000446	 1048575
94	 0.000321	 1048570
95	 0.000396	 1048515
96	 0.000407	 1048512
97	 0.000450	 1048570
98	 0.000451	 1048502
99	 0.000448	 1048509
100	 0.000447	 1048500
101	 0.000445	 1048481
102	 0.000424	 1048560
103	 0.000430	 1048540
104	 0.000421	 1048528
105	 0.000441	 1048530
106	 0.000419	 1048552
107	 0.000439	 1048493
108	 0.000440	 1048572
109	 0.000438	 1048471
110	 0.000435	 1048520
111	 0.000436	 1048506
112	 0.000405	 1048544
113	 0.000416	 1048527
114	 0.000431	 1048572
115	 0.000430	 1048570
116	 0.000429	 1048524
117	 0.000429	 1048554
118	 0.000363	 1048548
119	 0.000397	 1048509
120	 0.000362	 1048560
121	 0.000361	 1048465
122	 0.000361	 1048468
123	 0.000372	 1048575
124	 0.000360	 1048544
125	 0.000418	 1048500
126	 0.000358	 1048572
127	 0.000358	 1048512
128	 0.000359	 1048576
129	 0.000357	 1048512
130	 0.000356	 1048450
131	 0.000357	 1048524
132	 0.000357	 1048476
133	 0.000411	 1048572
134	 0.000357	 1048550
135	 0.000357	 1048545
136	 0.000356	 1048560
137	 0.000356	 1048461
138	 0.000357	 1048524
139	 0.000409	 1048477
140	 0.000355	 1048460
141	 0.000355	 1048476
142	 0.000355	 1048528
143	 0.000355	 1048476
144	 0.000356	 1048464
145	 0.000354	 1048495
146	 0.000354	 1048572
147	 0.000354	 1048551
148	 0.000352	 1048432
149	 0.000353	 1048513
150	 0.000352	 1048500
151	 0.000352	 1048544
152	 0.000352	 1048496
153	 0.000351	 1048509
154	 0.000352	 1048432
155	 0.000352	 1048575
156	 0.000361	 1048476
157	 0.000350	 1048446
158	 0.000351	 1048488
159	 0.000350	 1048446
160	 0.000361	 1048480
161	 0.000350	 1048432
162	 0.000349	 1048464
163	 0.000349	 1048416
164	 0.000394	 1048452
165	 0.000349	 1048575
166	 0.000349	 1048456
167	 0.000350	 1048426
168	 0.000377	 1048488
169	 0.000350	 1048476
170	 0.000347	 1048560
171	 0.000347	 1048572
172	 0.000352	 1048512
173	 0.000347	 1048553
174	 0.000347	 1048524
175	 0.000346	 1048425
176	 0.000346	 1048432
177	 0.000346	 1048548
178	 0.000349	 1048420
179	 0.000346	 1048403
180	 0.000345	 1048500
181	 0.000346	 1048533
182	 0.000345	 1048502
183	 0.000345	 1048407
184	 0.000345	 1048432
185	 0.000345	 1048395
186	 0.000344	 1048482
187	 0.000345	 1048509
188	 0.000344	 1048476
189	 0.000343	 1048572
190	 0.000347	 1048420
191	 0.000344	 1048399
192	 0.000343	 1048512
193	 0.000343	 1048569
194	 0.000343	 1048570
195	 0.000343	 1048515
196	 0.000342	 1048404
197	 0.000342	 1048434
198	 0.000342	 1048410
199	 0.000343	 1048531
200	 0.000342	 1048400
201	 0.000343	 1048416
202	 0.000342	 1048380
203	 0.000342	 1048495
204	 0.000341	 1048560
205	 0.000341	 1048575
206	 0.000354	 1048540
207	 0.000341	 1048455
208	 0.000340	 1048528
209	 0.000340	 1048553
210	 0.000340	 1048530
211	 0.000341	 1048459
212	 0.000341	 1048552
213	 0.000344	 1048386
214	 0.000339	 1048386
215	 0.000340	 1048555
216	 0.000339	 1048464
217	 0.000340	 1048544
218	 0.000339	 1048362
219	 0.000339	 1048572
220	 0.000345	 1048520
221	 0.000339	 1048424
222	 0.000339	 1048506
223	 0.000338	 1048546
224	 0.000338	 1048544
225	 0.000354	 1048500
226	 0.000338	 1048414
227	 0.000338	 1048513
228	 0.000339	 1048572
229	 0.000339	 1048362
230	 0.000338	 1048570
231	 0.000337	 1048509
232	 0.000337	 1048408
233	 0.000338	 1048500
234	 0.000337	 1048554
235	 0.000337	 1048570
236	 0.000337	 1048548
237	 0.000343	 1048488
238	 0.000337	 1048390
239	 0.000337	 1048493
240	 0.000337	 1048560
241	 0.000336	 1048350
242	 0.000336	 1048344
243	 0.000336	 1048545
244	 0.000336	 1048468
245	 0.000336	 1048355
246	 0.000336	 1048452
247	 0.000337	 1048515
248	 0.000338	 1048544
249	 0.000336	 1048539
250	 0.000336	 1048500
251	 0.000335	 1048427
252	 0.000336	 1048572
253	 0.000335	 1048432
254	 0.000335	 1048512
255	 0.000335	 1048560
256	 0.000348	 1048576
257	 0.000334	 1048560
258	 0.000335	 1048512
259	 0.000334	 1048432
260	 0.000338	 1048320
261	 0.000334	 1048437
262	 0.000334	 1048524
263	 0.000334	 1048318
264	 0.000334	 1048344
265	 0.000334	 1048340
266	 0.000334	 1048572
267	 0.000334	 1048509
268	 0.000334	 1048416
269	 0.000333	 1048562
270	 0.000334	 1048410
271	 0.000334	 1048499
272	 0.000336	 1048560
273	 0.000333	 1048320
274	 0.000333	 1048324
275	 0.000334	 1048575
276	 0.000333	 1048524
277	 0.000333	 1048445
278	 0.000333	 1048338
279	 0.000333	 1048482
280	 0.000333	 1048320
281	 0.000333	 1048411
282	 0.000332	 1048476
283	 0.000333	 1048515
284	 0.000373	 1048528
285	 0.000381	 1048515
286	 0.000396	 1048476
287	 0.000332	 1048411
288	 0.000332	 1048320
289	 0.000332	 1048492
290	 0.000332	 1048350
291	 0.000332	 1048473
292	 0.000332	 1048572
293	 0.000332	 1048354
294	 0.000331	 1048404
295	 0.000332	 1048430
296	 0.000338	 1048432
297	 0.000332	 1048410
298	 0.000331	 1048364
299	 0.000331	 1048294
300	 0.000332	 1048500
301	 0.000330	 1048383
302	 0.000332	 1048544
303	 0.000331	 1048380
304	 0.000345	 1048496
305	 0.000331	 1048285
306	 0.000330	 1048356
307	 0.000331	 1048405
308	 0.000333	 1048432
309	 0.000330	 1048437
310	 0.000331	 1048420
311	 0.000330	 1048381
312	 0.000331	 1048320
313	 0.000330	 1048550
314	 0.000330	 1048446
315	 0.000330	 1048320
316	 0.000330	 1048488
317	 0.000330	 1048319
318	 0.000330	 1048446
319	 0.000331	 1048553
320	 0.000335	 1048320
321	 0.000329	 1048386
322	 0.000330	 1048432
323	 0.000329	 1048458
324	 0.000330	 1048464
325	 0.000330	 1048450
326	 0.000330	 1048416
327	 0.000329	 1048362
328	 0.000330	 1048288
329	 0.000329	 1048523
330	 0.000329	 1048410
331	 0.000330	 1048277
332	 0.000332	 1048456
333	 0.000329	 1048284
334	 0.000329	 1048426
335	 0.000329	 1048550
336	 0.000329	 1048320
337	 0.000329	 1048407
338	 0.000328	 1048476
339	 0.000329	 1048527
340	 0.000329	 1048560
341	 0.000328	 1048575
342	 0.000329	 1048572
343	 0.000328	 1048551
344	 0.000343	 1048512
345	 0.000328	 1048455
346	 0.000329	 1048380
347	 0.000328	 1048287
348	 0.000328	 1048524
349	 0.000328	 1048396
350	 0.000328	 1048250
351	 0.000328	 1048437
352	 0.000328	 1048256
353	 0.000328	 1048410
354	 0.000328	 1048548
355	 0.000340	 1048315
356	 0.000330	 1048420
357	 0.000328	 1048509
358	 0.000327	 1048224
359	 0.000327	 1048280
360	 0.000327	 1048320
361	 0.000327	 1048344
362	 0.000328	 1048352
363	 0.000327	 1048344
364	 0.000328	 1048320
365	 0.000327	 1048280
366	 0.000327	 1048224
367	 0.000328	 1048519
368	 0.000330	 1048432
369	 0.000327	 1048329
370	 0.000327	 1048210
371	 0.000327	 1048446
372	 0.000327	 1048296
373	 0.000327	 1048503
374	 0.000327	 1048322
375	 0.000326	 1048500
376	 0.000327	 1048288
377	 0.000327	 1048437
378	 0.000327	 1048572
379	 0.000326	 1048314
380	 0.000329	 1048420
381	 0.000327	 1048512
382	 0.000326	 1048208
383	 0.000327	 1048271
384	 0.000326	 1048320
385	 0.000327	 1048355
386	 0.000326	 1048376
387	 0.000327	 1048383
388	 0.000326	 1048376
389	 0.000326	 1048355
390	 0.000326	 1048320
391	 0.000326	 1048271
392	 0.000326	 1048208
393	 0.000330	 1048524
394	 0.000326	 1048434
395	 0.000327	 1048330
396	 0.000325	 1048212
397	 0.000326	 1048477
398	 0.000326	 1048332
399	 0.000326	 1048572
400	 0.000326	 1048400
401	 0.000326	 1048214
402	 0.000325	 1048416
403	 0.000326	 1048203
404	 0.000338	 1048380
405	 0.000327	 1048545
406	 0.000325	 1048292
407	 0.000325	 1048432
408	 0.000326	 1048560
409	 0.000325	 1048267
410	 0.000326	 1048370
411	 0.000326	 1048461
412	 0.000326	 1048540
413	 0.000325	 1048194
414	 0.000325	 1048248
415	 0.000325	 1048290
416	 0.000325	 1048320
417	 0.000328	 1048338
418	 0.000325	 1048344
419	 0.000326	 1048338
420	 0.000325	 1048320
421	 0.000325	 1048290
422	 0.000325	 1048248
423	 0.000324	 1048194
424	 0.000326	 1048552
425	 0.000326	 1048475
426	 0.000326	 1048386
427	 0.000325	 1048285
428	 0.000325	 1048172
429	 0.000328	 1048476
430	 0.000325	 1048340
431	 0.000324	 1048192
432	 0.000325	 1048464
433	 0.000325	 1048293
434	 0.000325	 1048544
435	 0.000325	 1048350
436	 0.000324	 1048144
437	 0.000325	 1048363
438	 0.000325	 1048572
439	 0.000324	 1048332
440	 0.000324	 1048520
441	 0.000324	 1048257
442	 0.000327	 1048424
443	 0.000324	 1048138
444	 0.000324	 1048284
445	 0.000324	 1048420
446	 0.000324	 1048546
447	 0.000324	 1048215
448	 0.000325	 1048320
449	 0.000324	 1048415
450	 0.000325	 1048500
451	 0.000324	 1048575
452	 0.000324	 1048188
453	 0.000324	 1048242
454	 0.000327	 1048286
455	 0.000324	 1048320
456	 0.000324	 1048344
457	 0.000337	 1048358
458	 0.000324	 1048362
459	 0.000324	 1048356
460	 0.000323	 1048340
461	 0.000324	 1048314
462	 0.000323	 1048278
463	 0.000324	 1048232
464	 0.000325	 1048176
465	 0.000324	 1048575
466	 0.000326	 1048500
467	 0.000324	 1048415
468	 0.000323	 1048320
469	 0.000324	 1048215
470	 0.000324	 1048570
471	 0.000323	 1048446
472	 0.000324	 1048312
473	 0.000323	 1048168
474	 0.000323	 1048488
475	 0.000323	 1048325
476	 0.000323	 1048152
477	 0.000323	 1048446
478	 0.000325	 1048254
479	 0.000323	 1048531
480	 0.000323	 1048320
481	 0.000323	 1048099
482	 0.000323	 1048350
483	 0.000323	 1048110
484	 0.000323	 1048344
485	 0.000323	 1048570
486	 0.000323	 1048302
487	 0.000323	 1048511
488	 0.000323	 1048224
489	 0.000323	 1048416
490	 0.000323	 1048110
491	 0.000324	 1048285
492	 0.000323	 1048452
493	 0.000323	 1048118
494	 0.000322	 1048268
495	 0.000322	 1048410
496	 0.000323	 1048544
497	 0.000323	 1048173
498	 0.000322	 1048290
499	 0.000323	 1048399
500	 0.000322	 1048500
501	 0.000323	 1048092
502	 0.000322	 1048176
503	 0.000324	 1048252
504	 0.000323	 1048320
505	 0.000323	 1048380
506	 0.000322	 1048432
507	 0.000322	 1048476
508	 0.000323	 1048512
509	 0.000323	 1048540
510	 0.000334	 1048560
511	 0.000322	 1048572
512	 0.000322	 1048576
513	 0.000323	 1048572
514	 0.000322	 1048560
515	 0.000324	 1048540
516	 0.000323	 1048512
517	 0.000322	 1048476
518	 0.000322	 1048432
519	 0.000322	 1048380
520	 0.000322	 1048320
521	 0.000322	 1048252
522	 0.000322	 1048176
523	 0.000322	 1048092
524	 0.000322	 1048524
525	 0.000322	 1048425
526	 0.000322	 1048318
527	 0.000322	 1048203
528	 0.000325	 1048080
529	 0.000322	 1048478
530	 0.000322	 1048340
531	 0.000322	 1048194
532	 0.000322	 1048572
533	 0.000322	 1048411
534	 0.000322	 1048242
535	 0.000321	 1048065
536	 0.000322	 1048416
537	 0.000322	 1048224
538	 0.000321	 1048562
539	 0.000321	 1048355
540	 0.000323	 1048140
541	 0.000322	 1048458
542	 0.000321	 1048228
543	 0.000322	 1048533
544	 0.000322	 1048288
545	 0.000321	 1048035
546	 0.000322	 1048320
547	 0.000321	 1048052
548	 0.000322	 1048324
549	 0.000321	 1048041
550	 0.000322	 1048300
551	 0.000322	 1048553
552	 0.000321	 1048248
553	 0.000324	 1048488
554	 0.000322	 1048168
555	 0.000321	 1048395
556	 0.000321	 1048060
557	 0.000321	 1048274
558	 0.000321	 1048482
559	 0.000332	 1048125
560	 0.000322	 1048320
561	 0.000321	 1048509
562	 0.000321	 1048130
563	 0.000321	 1048306
564	 0.000322	 1048476
565	 0.000324	 1048075
566	 0.000321	 1048232
567	 0.000321	 1048383
568	 0.000321	 1048528
569	 0.000321	 1048098
570	 0.000321	 1048230
571	 0.000320	 1048356
572	 0.000321	 1048476
573	 0.000321	 1048017
574	 0.000321	 1048124
575	 0.000321	 1048225
576	 0.000321	 1048320
577	 0.000323	 1048409
578	 0.000321	 1048492
579	 0.000321	 1048569
580	 0.000320	 1048060
581	 0.000321	 1048124
582	 0.000321	 1048182
583	 0.000321	 1048234
584	 0.000321	 1048280
585	 0.000320	 1048320
586	 0.000321	 1048354
587	 0.000321	 1048382
588	 0.000321	 1048404
589	 0.000320	 1048420
590	 0.000324	 1048430
591	 0.000321	 1048434
592	 0.000321	 1048432
593	 0.000321	 1048424
594	 0.000321	 1048410
595	 0.000321	 1048390
596	 0.000321	 1048364
597	 0.000320	 1048332
598	 0.000320	 1048294
599	 0.000321	 1048250
600	 0.000320	 1048200
601	 0.000320	 1048144
602	 0.000323	 1048082
603	 0.000320	 1048014
604	 0.000320	 1048544
605	 0.000320	 1048465
606	 0.000321	 1048380
607	 0.000320	 1048289
608	 0.000321	 1048192
609	 0.000320	 1048089
610	 0.000320	 1047980
611	 0.000320	 1048476
612	 0.000332	 1048356
613	 0.000320	 1048230
614	 0.000320	 1048098
615	 0.000323	 1048575
616	 0.000320	 1048432
617	 0.000320	 1048283
618	 0.000320	 1048128
619	 0.000320	 1047967
620	 0.000320	 1048420
621	 0.000320	 1048248
622	 0.000320	 1048070
623	 0.000320	 1048509
624	 0.000321	 1048320
625	 0.000320	 1048125
626	 0.000320	 1048550
627	 0.000322	 1048344
628	 0.000320	 1048132
629	 0.000320	 1048543
630	 0.000320	 1048320
631	 0.000320	 1048091
632	 0.000320	 1048488
633	 0.000320	 1048248
634	 0.000320	 1048002
635	 0.000320	 1048385
636	 0.000320	 1048128
637	 0.000320	 1048502
638	 0.000320	 1048234
639	 0.000322	 1047960
640	 0.000320	 1048320
641	 0.000319	 1048035
642	 0.000320	 1048386
643	 0.000319	 1048090
644	 0.000320	 1048432
645	 0.000320	 1048125
646	 0.000319	 1048458
647	 0.000320	 1048140
648	 0.000320	 1048464
649	 0.000319	 1048135
650	 0.000320	 1048450
651	 0.000319	 1048110
652	 0.000322	 1048416
653	 0.000320	 1048065
654	 0.000319	 1048362
655	 0.000320	 1048000
656	 0.000319	 1048288
657	 0.000320	 1048572
658	 0.000319	 1048194
659	 0.000320	 1048469
660	 0.000319	 1048080
661	 0.000320	 1048346
662	 0.000330	 1047946
663	 0.000320	 1048203
664	 0.000322	 1048456
665	 0.000319	 1048040
666	 0.000320	 1048284
667	 0.000319	 1048524
668	 0.000320	 1048092
669	 0.000320	 1048323
670	 0.000320	 1048550
671	 0.000319	 1048102
672	 0.000320	 1048320
673	 0.000319	 1048534
674	 0.000320	 1048070
675	 0.000319	 1048275
676	 0.000319	 1048476
677	 0.000322	 1047996
678	 0.000320	 1048188
679	 0.000319	 1048376
680	 0.000319	 1048560
681	 0.000319	 1048059
682	 0.000319	 1048234
683	 0.000320	 1048405
684	 0.000319	 1048572
685	 0.000319	 1048050
686	 0.000319	 1048208
687	 0.000319	 1048362
688	 0.000319	 1048512
689	 0.000321	 1047969
690	 0.000319	 1048110
691	 0.000319	 1048247
692	 0.000319	 1048380
693	 0.000320	 1048509
694	 0.000319	 1047940
695	 0.000318	 1048060
696	 0.000318	 1048176
697	 0.000319	 1048288
698	 0.000319	 1048396
699	 0.000319	 1048500
700	 0.000319	 1047900
701	 0.000319	 1047995
702	 0.000322	 1048086
703	 0.000319	 1048173
704	 0.000318	 1048256
705	 0.000319	 1048335
706	 0.000319	 1048410
707	 0.000319	 1048481
708	 0.000319	 1048548
709	 0.000319	 1047902
710	 0.000319	 1047960
711	 0.000319	 1048014
712	 0.000318	 1048064
713	 0.000319	 1048110
714	 0.000321	 1048152
715	 0.000319	 1048190
716	 0.000332	 1048224
717	 0.000318	 1048254
718	 0.000319	 1048280
719	 0.000319	 1048302
720	 0.000318	 1048320
721	 0.000319	 1048334
722	 0.000319	 1048344
723	 0.000319	 1048350
724	 0.000319	 1048352
725	 0.000319	 1048350
726	 0.000318	 1048344
727	 0.000322	 1048334
728	 0.000318	 1048320
729	 0.000319	 1048302
730	 0.000318	 1048280
731	 0.000319	 1048254
732	 0.000318	 1048224
733	 0.000319	 1048190
734	 0.000318	 1048152
735	 0.000318	 1048110
736	 0.000319	 1048064
737	 0.000318	 1048014
738	 0.000318	 1047960
739	 0.000332	 1047902
740	 0.000318	 1047840
741	 0.000318	 1048515
742	 0.000319	 1048446
743	 0.000318	 1048373
744	 0.000318	 1048296
745	 0.000319	 1048215
746	 0.000318	 1048130
747	 0.000319	 1048041
748	 0.000318	 1047948
749	 0.000318	 1047851
750	 0.000318	 1048500
751	 0.000319	 1048396
752	 0.000322	 1048288
753	 0.000318	 1048176
754	 0.000319	 1048060
755	 0.000319	 1047940
756	 0.000318	 1048572
757	 0.000319	 1048445
758	 0.000319	 1048314
759	 0.000318	 1048179
760	 0.000318	 1048040
761	 0.000318	 1047897
762	 0.000318	 1048512
763	 0.000318	 1048362
764	 0.000320	 1048208
765	 0.000318	 1048050
766	 0.000329	 1047888
767	 0.000318	 1048489
768	 0.000318	 1048320
769	 0.000318	 1048147
770	 0.000317	 1047970
771	 0.000319	 1048560
772	 0.000318	 1048376
773	 0.000318	 1048188
774	 0.000317	 1047996
775	 0.000319	 1048575
776	 0.000318	 1048376
777	 0.000321	 1048173
778	 0.000318	 1047966
779	 0.000318	 1048534
780	 0.000318	 1048320
781	 0.000318	 1048102
782	 0.000317	 1047880
783	 0.000318	 1048437
784	 0.000318	 1048208
785	 0.000318	 1047975
786	 0.000318	 1048524
787	 0.000317	 1048284
788	 0.000318	 1048040
789	 0.000320	 1047792
790	 0.000318	 1048330
791	 0.000318	 1048075
792	 0.000317	 1047816
793	 0.000319	 1048346
794	 0.000317	 1048080
795	 0.000318	 1047810
796	 0.000318	 1048332
797	 0.000318	 1048055
798	 0.000318	 1048572
799	 0.000318	 1048288
800	 0.000317	 1048000
801	 0.000318	 1048509
802	 0.000321	 1048214
803	 0.000317	 1047915
804	 0.000318	 1048416
805	 0.000318	 1048110
806	 0.000318	 1047800
807	 0.000317	 1048293
808	 0.000318	 1047976
809	 0.000318	 1048464
810	 0.000317	 1048140
811	 0.000317	 1047812
812	 0.000318	 1048292
813	 0.000317	 1047957
814	 0.000320	 1048432
815	 0.000317	 1048090
816	 0.000318	 1048560
817	 0.000318	 1048211
818	 0.000317	 1047858
819	 0.000318	 1048320
820	 0.000328	 1047960
821	 0.000318	 1048417
822	 0.000317	 1048050
823	 0.000318	 1048502
824	 0.000317	 1048128
825	 0.000318	 1048575
826	 0.000317	 1048194
827	 0.000320	 1047809
828	 0.000317	 1048248
829	 0.000317	 1047856
830	 0.000318	 1048290
831	 0.000317	 1047891
832	 0.000318	 1048320
833	 0.000317	 1047914
834	 0.000318	 1048338
835	 0.000317	 1047925
836	 0.000318	 1048344
837	 0.000318	 1047924
838	 0.000317	 1048338
839	 0.000317	 1047911
840	 0.000318	 1048320
841	 0.000317	 1047886
842	 0.000317	 1048290
843	 0.000318	 1047849
844	 0.000317	 1048248
845	 0.000317	 1047800
846	 0.000318	 1048194
847	 0.000318	 1047739
848	 0.000317	 1048128
849	 0.000317	 1048515
850	 0.000317	 1048050
851	 0.000318	 1048432
852	 0.000320	 1047960
853	 0.000317	 1048337
854	 0.000317	 1047858
855	 0.000317	 1048230
856	 0.000317	 1047744
857	 0.000317	 1048111
858	 0.000317	 1048476
859	 0.000317	 1047980
860	 0.000317	 1048340
861	 0.000317	 1047837
862	 0.000317	 1048192
863	 0.000318	 1048545
864	 0.000317	 1048032
865	 0.000319	 1048380
866	 0.000317	 1047860
867	 0.000317	 1048203
868	 0.000317	 1048544
869	 0.000317	 1048014
870	 0.000317	 1048350
871	 0.000317	 1047813
872	 0.000317	 1048144
873	 0.000328	 1048473
874	 0.000317	 1047926
875	 0.000317	 1048250
876	 0.000317	 1048572
877	 0.000320	 1048015
878	 0.000317	 1048332
879	 0.000317	 1047768
880	 0.000317	 1048080
881	 0.000317	 1048390
882	 0.000317	 1047816
883	 0.000317	 1048121
884	 0.000317	 1048424
885	 0.000317	 1047840
886	 0.000317	 1048138
887	 0.000317	 1048434
888	 0.000317	 1047840
889	 0.000317	 1048131
890	 0.000319	 1048420
891	 0.000317	 1047816
892	 0.000317	 1048100
893	 0.000317	 1048382
894	 0.000316	 1047768
895	 0.000316	 1048045
896	 0.000317	 1048320
897	 0.000317	 1047696
898	 0.000317	 1047966
899	 0.000317	 1048234
900	 0.000317	 1048500
901	 0.000317	 1047863
902	 0.000319	 1048124
903	 0.000317	 1048383
904	 0.000317	 1047736
905	 0.000317	 1047990
906	 0.000316	 1048242
907	 0.000317	 1048492
908	 0.000317	 1047832
909	 0.000317	 1048077
910	 0.000317	 1048320
911	 0.000317	 1048561
912	 0.000317	 1047888
913	 0.000317	 1048124
914	 0.000316	 1048358
915	 0.000320	 1047675
916	 0.000317	 1047904
917	 0.000317	 1048131
918	 0.000317	 1048356
919	 0.000316	 1047660
920	 0.000317	 1047880
921	 0.000317	 1048098
922	 0.000317	 1048314
923	 0.000316	 1048528
924	 0.000329	 1047816
925	 0.000317	 1048025
926	 0.000316	 1048232
927	 0.000320	 1048437
928	 0.000316	 1047712
929	 0.000317	 1047912
930	 0.000316	 1048110
931	 0.000317	 1048306
932	 0.000316	 1048500
933	 0.000317	 1047759
934	 0.000316	 1047948
935	 0.000317	 1048135
936	 0.000316	 1048320
937	 0.000317	 1048503
938	 0.000316	 1047746
939	 0.000316	 1047924
940	 0.000319	 1048100
941	 0.000316	 1048274
942	 0.000317	 1048446
943	 0.000316	 1047673
944	 0.000316	 1047840
945	 0.000317	 1048005
946	 0.000316	 1048168
947	 0.000317	 1048329
948	 0.000316	 1048488
949	 0.000317	 1047696
950	 0.000316	 1047850
951	 0.000317	 1048002
952	 0.000316	 1048152
953	 0.000320	 1048300
954	 0.000316	 1048446
955	 0.000316	 1047635
956	 0.000317	 1047776
957	 0.000316	 1047915
958	 0.000316	 1048052
959	 0.000316	 1048187
960	 0.000317	 1048320
961	 0.000316	 1048451
962	 0.000316	 1047618
963	 0.000316	 1047744
964	 0.000316	 1047868
965	 0.000319	 1047990
966	 0.000316	 1048110
967	 0.000316	 1048228
968	 0.000317	 1048344
969	 0.000316	 1048458
970	 0.000316	 1048570
971	 0.000316	 1047709
972	 0.000316	 1047816
973	 0.000317	 1047921
974	 0.000317	 1048024
975	 0.000316	 1048125
976	 0.000316	 1048224
977	 0.000316	 1048321
978	 0.000330	 1048416
979	 0.000316	 1048509
980	 0.000316	 1047620
981	 0.000316	 1047708
982	 0.000316	 1047794
983	 0.000316	 1047878
984	 0.000316	 1047960
985	 0.000316	 1048040
986	 0.000316	 1048118
987	 0.000317	 1048194
988	 0.000316	 1048268
989	 0.000316	 1048340
990	 0.000318	 1048410
991	 0.000317	 1048478
992	 0.000316	 1048544
993	 0.000316	 1047615
994	 0.000316	 1047676
995	 0.000316	 1047735
996	 0.000316	 1047792
997	 0.000315	 1047847
998	 0.000316	 1047900
999	 0.000316	 1047951
1000	 0.000316	 1048000
1001	 0.000316	 1048047
1002	 0.000317	 1048092
1003	 0.000318	 1048135
1004	 0.000316	 1048176
1005	 0.000316	 1048215
1006	 0.000316	 1048252
1007	 0.000316	 1048287
1008	 0.000316	 1048320
1009	 0.000316	 1048351
1010	 0.000316	 1048380
1011	 0.000316	 1048407
1012	 0.000316	 1048432
1013	 0.000316	 1048455
1014	 0.000316	 1048476
1015	 0.000317	 1048495
1016	 0.000319	 1048512
1017	 0.000316	 1048527
1018	 0.000316	 1048540
1019	 0.000316	 1048551
1020	 0.000316	 1048560
1021	 0.000316	 1048567
1022	 0.000316	 1048572
1023	 0.000316	 1048575
1024	 0.000316	 1048576
1025	 0.000317	 1048575
1026	 0.000317	 1048572
1027	 0.000317	 1048567
1028	 0.000319	 1048560
1029	 0.000326	 1048551
1030	 0.000315	 1048540
1031	 0.000316	 1048527
1032	 0.000316	 1048512
1033	 0.000316	 1048495
1034	 0.000316	 1048476
1035	 0.000316	 1048455
1036	 0.000316	 1048432
1037	 0.000316	 1048407
1038	 0.000316	 1048380
1039	 0.000316	 1048351
1040	 0.000316	 1048320
1041	 0.000319	 1048287
1042	 0.000315	 1048252
1043	 0.000316	 1048215
1044	 0.000316	 1048176
1045	 0.000316	 1048135
1046	 0.000316	 1048092
1047	 0.000315	 1048047
1048	 0.000316	 1048000
1049	 0.000316	 1047951
1050	 0.000316	 1047900
1051	 0.000316	 1047847
1052	 0.000316	 1047792
1053	 0.000318	 1047735
1054	 0.000315	 1047676
1055	 0.000316	 1047615
1056	 0.000316	 1047552
1057	 0.000316	 1048544
1058	 0.000316	 1048478
1059	 0.000315	 1048410
1060	 0.000316	 1048340
1061	 0.000316	 1048268
1062	 0.000315	 1048194
1063	 0.000316	 1048118
1064	 0.000316	 1048040
1065	 0.000315	 1047960
1066	 0.000318	 1047878
1067	 0.000316	 1047794
1068	 0.000315	 1047708
1069	 0.000316	 1047620
1070	 0.000315	 1047530
1071	 0.000316	 1048509
1072	 0.000316	 1048416
1073	 0.000316	 1048321
1074	 0.000315	 1048224
1075	 0.000316	 1048125
1076	 0.000315	 1048024
1077	 0.000316	 1047921
1078	 0.000315	 1047816
1079	 0.000319	 1047709
1080	 0.000315	 1047600
1081	 0.000316	 1048570
1082	 0.000326	 1048458
1083	 0.000316	 1048344
1084	 0.000315	 1048228
1085	 0.000316	 1048110
1086	 0.000315	 1047990
1087	 0.000315	 1047868
1088	 0.000316	 1047744
1089	 0.000315	 1047618
1090	 0.000315	 1047490
1091	 0.000318	 1048451
1092	 0.000316	 1048320
1093	 0.000315	 1048187
1094	 0.000316	 1048052
1095	 0.000315	 1047915
1096	 0.000315	 1047776
1097	 0.000316	 1047635
1098	 0.000315	 1047492
1099	 0.000315	 1048446
1100	 0.000316	 1048300
1101	 0.000315	 1048152
1102	 0.000316	 1048002
1103	 0.000315	 1047850
1104	 0.000318	 1047696
1105	 0.000315	 1047540
1106	 0.000316	 1048488
1107	 0.000316	 1048329
1108	 0.000315	 1048168
1109	 0.000315	 1048005
1110	 0.000316	 1047840
1111	 0.000315	 1047673
1112	 0.000315	 1047504
1113	 0.000315	 1048446
1114	 0.000316	 1048274
1115	 0.000315	 1048100
1116	 0.000318	 1047924
1117	 0.000316	 1047746
1118	 0.000315	 1047566
1119	 0.000315	 1048503
1120	 0.000316	 1048320
1121	 0.000316	 1048135
1122	 0.000315	 1047948
1123	 0.000315	 1047759
1124	 0.000315	 1047568
1125	 0.000316	 1048500
1126	 0.000315	 1048306
1127	 0.000315	 1048110
1128	 0.000316	 1047912
1129	 0.000318	 1047712
1130	 0.000315	 1047510
1131	 0.000316	 1048437
1132	 0.000315	 1048232
1133	 0.000326	 1048025
1134	 0.000316	 1047816
1135	 0.000315	 1047605
1136	 0.000315	 1048528
1137	 0.000315	 1048314
1138	 0.000315	 1048098
1139	 0.000316	 1047880
1140	 0.000315	 1047660
1141	 0.000315	 1047438
1142	 0.000329	 1048356
1143	 0.000316	 1048131
1144	 0.000315	 1047904
1145	 0.000315	 1047675
1146	 0.000315	 1047444
1147	 0.000315	 1048358
1148	 0.000316	 1048124
1149	 0.000315	 1047888
1150	 0.000315	 1047650
1151	 0.000315	 1048561
1152	 0.000316	 1048320
1153	 0.000315	 1048077
1154	 0.000327	 1047832
1155	 0.000316	 1047585
1156	 0.000315	 1048492
1157	 0.000315	 1048242
1158	 0.000315	 1047990
1159	 0.000315	 1047736
1160	 0.000315	 1047480
1161	 0.000315	 1048383
1162	 0.000316	 1048124
1163	 0.000315	 1047863
1164	 0.000315	 1047600
1165	 0.000315	 1048500
1166	 0.000315	 1048234
1167	 0.000318	 1047966
1168	 0.000316	 1047696
1169	 0.000315	 1047424
1170	 0.000315	 1048320
1171	 0.000315	 1048045
1172	 0.000315	 1047768
1173	 0.000315	 1047489
1174	 0.000315	 1048382
1175	 0.000315	 1048100
1176	 0.000315	 1047816
1177	 0.000315	 1047530
1178	 0.000315	 1048420
1179	 0.000315	 1048131
1180	 0.000320	 1047840
1181	 0.000315	 1047547
1182	 0.000315	 1048434
1183	 0.000315	 1048138
1184	 0.000315	 1047840
1185	 0.000315	 1047540
1186	 0.000315	 1048424
1187	 0.000328	 1048121
1188	 0.000315	 1047816
1189	 0.000315	 1047509
1190	 0.000315	 1048390
1191	 0.000315	 1048080
1192	 0.000318	 1047768
1193	 0.000314	 1047454
1194	 0.000315	 1048332
1195	 0.000315	 1048015
1196	 0.000315	 1047696
1197	 0.000315	 1048572
1198	 0.000315	 1048250
1199	 0.000315	 1047926
1200	 0.000315	 1047600
1201	 0.000316	 1048473
1202	 0.000316	 1048144
1203	 0.000315	 1047813
1204	 0.000314	 1047480
1205	 0.000318	 1048350
1206	 0.000315	 1048014
1207	 0.000315	 1047676
1208	 0.000315	 1048544
1209	 0.000315	 1048203
1210	 0.000315	 1047860
1211	 0.000315	 1047515
1212	 0.000315	 1048380
1213	 0.000315	 1048032
1214	 0.000315	 1047682
1215	 0.000315	 1048545
1216	 0.000315	 1048192
1217	 0.000317	 1047837
1218	 0.000315	 1047480
1219	 0.000315	 1048340
1220	 0.000315	 1047980
1221	 0.000315	 1047618
1222	 0.000315	 1048476
1223	 0.000315	 1048111
1224	 0.000315	 1047744
1225	 0.000314	 1047375
1226	 0.000315	 1048230
1227	 0.000315	 1047858
1228	 0.000315	 1047484
1229	 0.000315	 1048337
1230	 0.000316	 1047960
1231	 0.000315	 1047581
1232	 0.000315	 1048432
1233	 0.000314	 1048050
1234	 0.000315	 1047666
1235	 0.000315	 1048515
1236	 0.000315	 1048128
1237	 0.000314	 1047739
1238	 0.000326	 1047348
1239	 0.000315	 1048194
1240	 0.000315	 1047800
1241	 0.000315	 1047404
1242	 0.000315	 1048248
1243	 0.000317	 1047849
1244	 0.000315	 1047448
1245	 0.000315	 1048290
1246	 0.000314	 1047886
1247	 0.000314	 1047480
1248	 0.000315	 1048320
1249	 0.000315	 1047911
1250	 0.000315	 1047500
1251	 0.000315	 1048338
1252	 0.000315	 1047924
1253	 0.000315	 1047508
1254	 0.000315	 1048344
1255	 0.000316	 1047925
1256	 0.000315	 1047504
1257	 0.000315	 1048338
1258	 0.000314	 1047914
1259	 0.000315	 1047488
1260	 0.000315	 1048320
1261	 0.000315	 1047891
1262	 0.000314	 1047460
1263	 0.000315	 1048290
1264	 0.000314	 1047856
1265	 0.000315	 1047420
1266	 0.000315	 1048248
1267	 0.000314	 1047809
1268	 0.000317	 1047368
1269	 0.000315	 1048194
1270	 0.000314	 1047750
1271	 0.000315	 1048575
1272	 0.000315	 1048128
1273	 0.000314	 1047679
1274	 0.000315	 1048502
1275	 0.000315	 1048050
1276	 0.000314	 1047596
1277	 0.000315	 1048417
1278	 0.000315	 1047960
1279	 0.000314	 1047501
1280	 0.000315	 1048320
1281	 0.000316	 1047858
1282	 0.000314	 1047394
1283	 0.000315	 1048211
1284	 0.000314	 1047744
1285	 0.000315	 1048560
1286	 0.000315	 1048090
1287	 0.000314	 1047618
1288	 0.000315	 1048432
1289	 0.000315	 1047957
1290	 0.000315	 1047480
1291	 0.000315	 1048292
1292	 0.000326	 1047812
1293	 0.000317	 1047330
1294	 0.000315	 1048140
1295	 0.000314	 1047655
1296	 0.000315	 1048464
1297	 0.000314	 1047976
1298	 0.000315	 1047486
1299	 0.000314	 1048293
1300	 0.000315	 1047800
1301	 0.000314	 1047305
1302	 0.000315	 1048110
1303	 0.000314	 1047612
1304	 0.000315	 1048416
1305	 0.000314	 1047915
1306	 0.000317	 1047412
1307	 0.000315	 1048214
1308	 0.000315	 1047708
1309	 0.000315	 1048509
1310	 0.000315	 1048000
1311	 0.000314	 1047489
1312	 0.000315	 1048288
1313	 0.000315	 1047774
1314	 0.000314	 1048572
1315	 0.000315	 1048055
1316	 0.000314	 1047536
1317	 0.000315	 1048332
1318	 0.000314	 1047810
1319	 0.000316	 1047286
1320	 0.000315	 1048080
1321	 0.000314	 1047553
1322	 0.000315	 1048346
1323	 0.000314	 1047816
1324	 0.000314	 1047284
1325	 0.000315	 1048075
1326	 0.000314	 1047540
1327	 0.000314	 1048330
1328	 0.000315	 1047792
1329	 0.000314	 1047252
1330	 0.000314	 1048040
1331	 0.000317	 1047497
1332	 0.000314	 1048284
1333	 0.000315	 1047738
1334	 0.000314	 1048524
1335	 0.000315	 1047975
1336	 0.000314	 1047424
1337	 0.000315	 1048208
1338	 0.000314	 1047654
1339	 0.000315	 1048437
1340	 0.000314	 1047880
1341	 0.000314	 1047321
1342	 0.000315	 1048102
1343	 0.000314	 1047540
1344	 0.000317	 1048320
1345	 0.000314	 1047755
1346	 0.000326	 1048534
1347	 0.000314	 1047966
1348	 0.000314	 1047396
1349	 0.000314	 1048173
1350	 0.000314	 1047600
1351	 0.000315	 1048376
1352	 0.000314	 1047800
1353	 0.000315	 1048575
1354	 0.000314	 1047996
1355	 0.000314	 1047415
1356	 0.000314	 1048188
1357	 0.000317	 1047604
1358	 0.000315	 1048376
1359	 0.000314	 1047789
1360	 0.000314	 1048560
1361	 0.000315	 1047970
1362	 0.000314	 1047378
1363	 0.000314	 1048147
1364	 0.000314	 1047552
1365	 0.000315	 1048320
1366	 0.000315	 1047722
1367	 0.000314	 1048489
1368	 0.000314	 1047888
1369	 0.000316	 1047285
1370	 0.000315	 1048050
1371	 0.000314	 1047444
1372	 0.000314	 1048208
1373	 0.000314	 1047599
1374	 0.000315	 1048362
1375	 0.000314	 1047750
1376	 0.000314	 1048512
1377	 0.000315	 1047897
1378	 0.000314	 1047280
1379	 0.000314	 1048040
1380	 0.000314	 1047420
1381	 0.000315	 1048179
1382	 0.000316	 1047556
1383	 0.000315	 1048314
1384	 0.000314	 1047688
1385	 0.000314	 1048445
1386	 0.000314	 1047816
1387	 0.000315	 1048572
1388	 0.000314	 1047940
1389	 0.000314	 1047306
1390	 0.000314	 1048060
1391	 0.000314	 1047423
1392	 0.000315	 1048176
1393	 0.000314	 1047536
1394	 0.000314	 1048288
1395	 0.000317	 1047645
1396	 0.000315	 1048396
1397	 0.000325	 1047750
1398	 0.000314	 1048500
1399	 0.000314	 1047851
1400	 0.000314	 1047200
1401	 0.000314	 1047948
1402	 0.000314	 1047294
1403	 0.000314	 1048041
1404	 0.000314	 1047384
1405	 0.000314	 1048130
1406	 0.000314	 1047470
1407	 0.000317	 1048215
1408	 0.000314	 1047552
1409	 0.000314	 1048296
1410	 0.000314	 1047630
1411	 0.000315	 1048373
1412	 0.000314	 1047704
1413	 0.000315	 1048446
1414	 0.000314	 1047774
1415	 0.000314	 1048515
1416	 0.000314	 1047840
1417	 0.000314	 1047163
1418	 0.000314	 1047902
1419	 0.000314	 1047222
1420	 0.000317	 1047960
1421	 0.000314	 1047277
1422	 0.000315	 1048014
1423	 0.000313	 1047328
1424	 0.000315	 1048064
1425	 0.000313	 1047375
1426	 0.000314	 1048110
1427	 0.000314	 1047418
1428	 0.000314	 1048152
1429	 0.000314	 1047457
1430	 0.000314	 1048190
1431	 0.000314	 1047492
1432	 0.000314	 1048224
1433	 0.000316	 1047523
1434	 0.000315	 1048254
1435	 0.000314	 1047550
1436	 0.000314	 1048280
1437	 0.000314	 1047573
1438	 0.000314	 1048302
1439	 0.000314	 1047592
1440	 0.000314	 1048320
1441	 0.000314	 1047607
1442	 0.000315	 1048334
1443	 0.000313	 1047618
1444	 0.000315	 1048344
1445	 0.000316	 1047625
1446	 0.000314	 1048350
1447	 0.000314	 1047628
1448	 0.000314	 1048352
1449	 0.000314	 1047627
1450	 0.000314	 1048350
1451	 0.000314	 1047622
1452	 0.000326	 1048344
1453	 0.000314	 1047613
1454	 0.000314	 1048334
1455	 0.000314	 1047600
1456	 0.000314	 1048320
1457	 0.000313	 1047583
1458	 0.000317	 1048302
1459	 0.000314	 1047562
1460	 0.000314	 1048280
1461	 0.000314	 1047537
1462	 0.000314	 1048254
1463	 0.000314	 1047508
1464	 0.000314	 1048224
1465	 0.000316	 1047475
1466	 0.000314	 1048190
1467	 0.000314	 1047438
1468	 0.000314	 1048152
1469	 0.000314	 1047397
1470	 0.000314	 1048110
1471	 0.000316	 1047352
1472	 0.000314	 1048064
1473	 0.000313	 1047303
1474	 0.000314	 1048014
1475	 0.000314	 1047250
1476	 0.000314	 1047960
1477	 0.000313	 1047193
1478	 0.000314	 1047902
1479	 0.000314	 1047132
1480	 0.000314	 1047840
1481	 0.000314	 1048548
1482	 0.000314	 1047774
1483	 0.000317	 1048481
1484	 0.000314	 1047704
1485	 0.000314	 1048410
1486	 0.000314	 1047630
1487	 0.000314	 1048335
1488	 0.000313	 1047552
1489	 0.000314	 1048256
1490	 0.000314	 1047470
1491	 0.000314	 1048173
1492	 0.000314	 1047384
1493	 0.000314	 1048086
1494	 0.000314	 1047294
1495	 0.000314	 1047995
1496	 0.000315	 1047200
1497	 0.000315	 1047900
1498	 0.000314	 1047102
1499	 0.000314	 1047801
1500	 0.000314	 1048500
1501	 0.000314	 1047698
1502	 0.000314	 1048396
1503	 0.000325	 1047591
1504	 0.000313	 1048288
1505	 0.000314	 1047480
1506	 0.000314	 1048176
1507	 0.000314	 1047365
1508	 0.000314	 1048060
1509	 0.000316	 1047246
1510	 0.000314	 1047940
1511	 0.000313	 1047123
1512	 0.000314	 1047816
1513	 0.000314	 1048509
1514	 0.000314	 1047688
1515	 0.000314	 1048380
1516	 0.000314	 1047556
1517	 0.000314	 1048247
1518	 0.000313	 1047420
1519	 0.000314	 1048110
1520	 0.000314	 1047280
1521	 0.000314	 1047969
1522	 0.000316	 1047136
1523	 0.000314	 1047824
1524	 0.000314	 1048512
1525	 0.000313	 1047675
1526	 0.000314	 1048362
1527	 0.000314	 1047522
1528	 0.000314	 1048208
1529	 0.000313	 1047365
1530	 0.000314	 1048050
1531	 0.000313	 1047204
1532	 0.000314	 1047888
1533	 0.000314	 1048572
1534	 0.000316	 1047722
1535	 0.000314	 1048405
1536	 0.000314	 1047552
1537	 0.000314	 1048234
1538	 0.000314	 1047378
1539	 0.000314	 1048059
1540	 0.000313	 1047200
1541	 0.000314	 1047880
1542	 0.000314	 1048560
1543	 0.000314	 1047697
1544	 0.000314	 1048376
1545	 0.000314	 1047510
1546	 0.000314	 1048188
1547	 0.000326	 1047319
1548	 0.000314	 1047996
1549	 0.000313	 1047124
1550	 0.000314	 1047800
1551	 0.000314	 1048476
1552	 0.000314	 1047600
1553	 0.000314	 1048275
1554	 0.000314	 1047396
1555	 0.000313	 1048070
1556	 0.000314	 1047188
1557	 0.000325	 1047861
1558	 0.000314	 1048534
1559	 0.000314	 1047648
1560	 0.000317	 1048320
1561	 0.000314	 1047431
1562	 0.000314	 1048102
1563	 0.000313	 1047210
1564	 0.000314	 1047880
1565	 0.000314	 1048550
1566	 0.000314	 1047654
1567	 0.000313	 1048323
1568	 0.000314	 1047424
1569	 0.000314	 1048092
1570	 0.000313	 1047190
1571	 0.000314	 1047857
1572	 0.000316	 1048524
1573	 0.000313	 1047618
1574	 0.000314	 1048284
1575	 0.000314	 1047375
1576	 0.000313	 1048040
1577	 0.000314	 1047128
1578	 0.000313	 1047792
1579	 0.000314	 1048456
1580	 0.000314	 1047540
1581	 0.000313	 1048203
1582	 0.000314	 1047284
1583	 0.000314	 1047946
1584	 0.000313	 1047024
1585	 0.000316	 1047685
1586	 0.000314	 1048346
1587	 0.000313	 1047420
1588	 0.000314	 1048080
1589	 0.000314	 1047151
1590	 0.000314	 1047810
1591	 0.000314	 1048469
1592	 0.000313	 1047536
1593	 0.000314	 1048194
1594	 0.000313	 1047258
1595	 0.000314	 1047915
1596	 0.000314	 1048572
1597	 0.000314	 1047632
1598	 0.000316	 1048288
1599	 0.000313	 1047345
1600	 0.000314	 1048000
1601	 0.000313	 1047054
1602	 0.000313	 1047708
1603	 0.000314	 1048362
1604	 0.000314	 1047412
1605	 0.000313	 1048065
1606	 0.000314	 1047112
1607	 0.000313	 1047764
1608	 0.000326	 1048416
1609	 0.000314	 1047459
1610	 0.000316	 1048110
1611	 0.000313	 1047150
1612	 0.000313	 1047800
1613	 0.000314	 1048450
1614	 0.000313	 1047486
1615	 0.000314	 1048135
1616	 0.000313	 1047168
1617	 0.000314	 1047816
1618	 0.000313	 1048464
1619	 0.000314	 1047493
1620	 0.000313	 1048140
1621	 0.000313	 1047166
1622	 0.000314	 1047812
1623	 0.000316	 1048458
1624	 0.000313	 1047480
1625	 0.000314	 1048125
1626	 0.000313	 1047144
1627	 0.000313	 1047788
1628	 0.000314	 1048432
1629	 0.000313	 1047447
1630	 0.000314	 1048090
1631	 0.000313	 1047102
1632	 0.000313	 1047744
1633	 0.000314	 1048386
1634	 0.000313	 1047394
1635	 0.000314	 1048035
1636	 0.000316	 1047040
1637	 0.000314	 1047680
1638	 0.000313	 1048320
1639	 0.000314	 1047321
1640	 0.000313	 1047960
1641	 0.000313	 1046958
1642	 0.000314	 1047596
1643	 0.000314	 1048234
1644	 0.000313	 1047228
1645	 0.000314	 1047865
1646	 0.000313	 1048502
1647	 0.000313	 1047492
1648	 0.000324	 1048128
1649	 0.000314	 1047115
1650	 0.000313	 1047750
1651	 0.000313	 1048385
1652	 0.000314	 1047368
1653	 0.000313	 1048002
1654	 0.000313	 1046982
1655	 0.000314	 1047615
1656	 0.000313	 1048248
1657	 0.000313	 1047224
1658	 0.000314	 1047856
1659	 0.000313	 1048488
1660	 0.000314	 1047460
1661	 0.000316	 1048091
1662	 0.000325	 1047060
1663	 0.000314	 1047690
1664	 0.000314	 1048320
1665	 0.000313	 1047285
1666	 0.000314	 1047914
1667	 0.000314	 1048543
1668	 0.000313	 1047504
1669	 0.000314	 1048132
1670	 0.000313	 1047090
1671	 0.000313	 1047717
1672	 0.000314	 1048344
1673	 0.000314	 1047298
1674	 0.000316	 1047924
1675	 0.000314	 1048550
1676	 0.000313	 1047500
1677	 0.000313	 1048125
1678	 0.000313	 1047072
1679	 0.000314	 1047696
1680	 0.000313	 1048320
1681	 0.000313	 1047263
1682	 0.000314	 1047886
1683	 0.000313	 1048509
1684	 0.000313	 1047448
1685	 0.000314	 1048070
1686	 0.000313	 1047006
1687	 0.000316	 1047627
1688	 0.000313	 1048248
1689	 0.000313	 1047180
1690	 0.000314	 1047800
1691	 0.000313	 1048420
1692	 0.000313	 1047348
1693	 0.000314	 1047967
1694	 0.000313	 1046892
1695	 0.000313	 1047510
1696	 0.000313	 1048128
1697	 0.000313	 1047049
1698	 0.000313	 1047666
1699	 0.000316	 1048283
1700	 0.000313	 1047200
1701	 0.000313	 1047816
1702	 0.000314	 1048432
1703	 0.000313	 1047345
1704	 0.000313	 1047960
1705	 0.000314	 1048575
1706	 0.000313	 1047484
1707	 0.000313	 1048098
1708	 0.000313	 1047004
1709	 0.000314	 1047617
1710	 0.000313	 1048230
1711	 0.000313	 1047132
1712	 0.000316	 1047744
1713	 0.000324	 1048356
1714	 0.000313	 1047254
1715	 0.000313	 1047865
1716	 0.000313	 1048476
1717	 0.000313	 1047370
1718	 0.000314	 1047980
1719	 0.000313	 1046871
1720	 0.000314	 1047480
1721	 0.000313	 1048089
1722	 0.000313	 1046976
1723	 0.000313	 1047584
1724	 0.000314	 1048192
1725	 0.000315	 1047075
1726	 0.000313	 1047682
1727	 0.000314	 1048289
1728	 0.000313	 1047168
1729	 0.000313	 1047774
1730	 0.000313	 1048380
1731	 0.000313	 1047255
1732	 0.000313	 1047860
1733	 0.000314	 1048465
1734	 0.000313	 1047336
1735	 0.000313	 1047940
1736	 0.000314	 1048544
1737	 0.000315	 1047411
1738	 0.000313	 1048014
1739	 0.000313	 1046878
1740	 0.000313	 1047480
1741	 0.000313	 1048082
1742	 0.000313	 1046942
1743	 0.000313	 1047543
1744	 0.000314	 1048144
1745	 0.000313	 1047000
1746	 0.000314	 1047600
1747	 0.000314	 1048200
1748	 0.000313	 1047052
1749	 0.000313	 1047651
1750	 0.000315	 1048250
1751	 0.000313	 1047098
1752	 0.000314	 1047696
1753	 0.000313	 1048294
1754	 0.000313	 1047138
1755	 0.000314	 1047735
1756	 0.000314	 1048332
1757	 0.000313	 1047172
1758	 0.000313	 1047768
1759	 0.000313	 1048364
1760	 0.000314	 1047200
1761	 0.000314	 1047795
1762	 0.000313	 1048390
1763	 0.000316	 1047222
1764	 0.000313	 1047816
1765	 0.000313	 1048410
1766	 0.000313	 1047238
1767	 0.000313	 1047831
1768	 0.000326	 1048424
1769	 0.000313	 1047248
1770	 0.000313	 1047840
1771	 0.000313	 1048432
1772	 0.000314	 1047252
1773	 0.000313	 1047843
1774	 0.000313	 1048434
1775	 0.000315	 1047250
1776	 0.000313	 1047840
1777	 0.000313	 1048430
1778	 0.000313	 1047242
1779	 0.000314	 1047831
1780	 0.000314	 1048420
1781	 0.000313	 1047228
1782	 0.000313	 1047816
1783	 0.000313	 1048404
1784	 0.000313	 1047208
1785	 0.000314	 1047795
1786	 0.000313	 1048382
1787	 0.000313	 1047182
1788	 0.000315	 1047768
1789	 0.000313	 1048354
1790	 0.000313	 1047150
1791	 0.000313	 1047735
1792	 0.000313	 1048320
1793	 0.000313	 1047112
1794	 0.000313	 1047696
1795	 0.000314	 1048280
1796	 0.000312	 1047068
1797	 0.000313	 1047651
1798	 0.000314	 1048234
1799	 0.000312	 1047018
1800	 0.000314	 1047600
1801	 0.000316	 1048182
1802	 0.000313	 1046962
1803	 0.000313	 1047543
1804	 0.000313	 1048124
1805	 0.000313	 1046900
1806	 0.000313	 1047480
1807	 0.000313	 1048060
1808	 0.000313	 1046832
1809	 0.000313	 1047411
1810	 0.000313	 1047990
1811	 0.000313	 1048569
1812	 0.000312	 1047336
1813	 0.000314	 1047914
1814	 0.000315	 1048492
1815	 0.000313	 1047255
1816	 0.000313	 1047832
1817	 0.000314	 1048409
1818	 0.000312	 1047168
1819	 0.000313	 1047744
1820	 0.000314	 1048320
1821	 0.000312	 1047075
1822	 0.000324	 1047650
1823	 0.000315	 1048225
1824	 0.000514	 1046976
1825	 0.000454	 1047550
1826	 0.000313	 1048124
1827	 0.000313	 1046871
1828	 0.000313	 1047444
1829	 0.000314	 1048017
1830	 0.000312	 1046760
1831	 0.000313	 1047332
1832	 0.000313	 1047904
1833	 0.000313	 1048476
1834	 0.000323	 1047214
1835	 0.000352	 1047785
1836	 0.000313	 1048356
1837	 0.000313	 1047090
1838	 0.000316	 1047660
1839	 0.000313	 1048230
1840	 0.000313	 1046960
1841	 0.000313	 1047529
1842	 0.000313	 1048098
1843	 0.000313	 1046824
1844	 0.000312	 1047392
1845	 0.000313	 1047960
1846	 0.000314	 1048528
1847	 0.000312	 1047249
1848	 0.000313	 1047816
1849	 0.000313	 1048383
1850	 0.000313	 1047100
1851	 0.000316	 1047666
1852	 0.000313	 1048232
1853	 0.000313	 1046945
1854	 0.000313	 1047510
1855	 0.000313	 1048075
1856	 0.000312	 1046784
1857	 0.000313	 1047348
1858	 0.000313	 1047912
1859	 0.000313	 1048476
1860	 0.000313	 1047180
1861	 0.000313	 1047743
1862	 0.000313	 1048306
1863	 0.000315	 1047006
1864	 0.000313	 1047568
1865	 0.000313	 1048130
1866	 0.000312	 1046826
1867	 0.000313	 1047387
1868	 0.000313	 1047948
1869	 0.000313	 1048509
1870	 0.000313	 1047200
1871	 0.000313	 1047760
1872	 0.000338	 1048320
1873	 0.000313	 1047007
1874	 0.000313	 1047566
1875	 0.000314	 1048125
1876	 0.000315	 1046808
1877	 0.000313	 1047366
1878	 0.000313	 1047924
1879	 0.000313	 1048482
1880	 0.000313	 1047160
1881	 0.000313	 1047717
1882	 0.000313	 1048274
1883	 0.000312	 1046948
1884	 0.000313	 1047504
1885	 0.000313	 1048060
1886	 0.000313	 1046730
1887	 0.000317	 1047285
1888	 0.000313	 1047840
1889	 0.000316	 1048395
1890	 0.000313	 1047060
1891	 0.000312	 1047614
1892	 0.000313	 1048168
1893	 0.000313	 1046829
1894	 0.000313	 1047382
1895	 0.000313	 1047935
1896	 0.000313	 1048488
1897	 0.000312	 1047144
1898	 0.000313	 1047696
1899	 0.000313	 1048248
1900	 0.000312	 1046900
1901	 0.000315	 1047451
1902	 0.000313	 1048002
1903	 0.000313	 1048553
1904	 0.000313	 1047200
1905	 0.000312	 1047750
1906	 0.000314	 1048300
1907	 0.000313	 1046943
1908	 0.000313	 1047492
1909	 0.000313	 1048041
1910	 0.000312	 1046680
1911	 0.000313	 1047228
1912	 0.000313	 1047776
1913	 0.000313	 1048324
1914	 0.000314	 1046958
1915	 0.000313	 1047505
1916	 0.000313	 1048052
1917	 0.000312	 1046682
1918	 0.000313	 1047228
1919	 0.000313	 1047774
1920	 0.000313	 1048320
1921	 0.000312	 1046945
1922	 0.000313	 1047490
1923	 0.000313	 1048035
1924	 0.000313	 1046656
1925	 0.000313	 1047200
1926	 0.000325	 1047744
1927	 0.000316	 1048288
1928	 0.000312	 1046904
1929	 0.000313	 1047447
1930	 0.000313	 1047990
1931	 0.000313	 1048533
1932	 0.000313	 1047144
1933	 0.000312	 1047686
1934	 0.000314	 1048228
1935	 0.000313	 1046835
1936	 0.000313	 1047376
1937	 0.000313	 1047917
1938	 0.000314	 1048458
1939	 0.000313	 1047060
1940	 0.000321	 1047600
1941	 0.000313	 1048140
1942	 0.000312	 1046738
1943	 0.000313	 1047277
1944	 0.000313	 1047816
1945	 0.000313	 1048355
1946	 0.000312	 1046948
1947	 0.000313	 1047486
1948	 0.000313	 1048024
1949	 0.000313	 1048562
1950	 0.000312	 1047150
1951	 0.000313	 1047687
1952	 0.000326	 1048224
1953	 0.000312	 1046808
1954	 0.000313	 1047344
1955	 0.000313	 1047880
1956	 0.000313	 1048416
1957	 0.000312	 1046995
1958	 0.000313	 1047530
1959	 0.000313	 1048065
1960	 0.000312	 1046640
1961	 0.000313	 1047174
1962	 0.000313	 1047708
1963	 0.000313	 1048242
1964	 0.000313	 1046812
1965	 0.000315	 1047345
1966	 0.000313	 1047878
1967	 0.000313	 1048411
1968	 0.000312	 1046976
1969	 0.000313	 1047508
1970	 0.000313	 1048040
1971	 0.000313	 1048572
1972	 0.000313	 1047132
1973	 0.000313	 1047663
1974	 0.000313	 1048194
1975	 0.000313	 1046750
1976	 0.000313	 1047280
1977	 0.000312	 1047810
1978	 0.000327	 1048340
1979	 0.000312	 1046891
1980	 0.000313	 1047420
1981	 0.000313	 1047949
1982	 0.000313	 1048478
1983	 0.000312	 1047024
1984	 0.000313	 1047552
1985	 0.000312	 1048080
1986	 0.000313	 1046622
1987	 0.000312	 1047149
1988	 0.000313	 1047676
1989	 0.000313	 1048203
1990	 0.000314	 1046740
1991	 0.000313	 1047266
1992	 0.000313	 1047792
1993	 0.000313	 1048318
1994	 0.000312	 1046850
1995	 0.000313	 1047375
1996	 0.000312	 1047900
1997	 0.000313	 1048425
1998	 0.000313	 1046952
1999	 0.000312	 1047476
2000	 0.000313	 1048000
2001	 0.000313	 1048524
2002	 0.000313	 1047046
2003	 0.000315	 1047569
2004	 0.000313	 1048092
2005	 0.000312	 1046610
2006	 0.000313	 1047132
2007	 0.000313	 1047654
2008	 0.000312	 1048176
2009	 0.000313	 1046689
2010	 0.000312	 1047210
2011	 0.000313	 1047731
2012	 0.000313	 1048252
2013	 0.000312	 1046760
2014	 0.000313	 1047280
2015	 0.000312	 1047800
2016	 0.000315	 1048320
2017	 0.000313	 1046823
2018	 0.000312	 1047342
2019	 0.000313	 1047861
2020	 0.000313	 1048380
2021	 0.000312	 1046878
2022	 0.000313	 1047396
2023	 0.000313	 1047914
2024	 0.000313	 1048432
2025	 0.000312	 1046925
2026	 0.000313	 1047442
2027	 0.000313	 1047959
2028	 0.000313	 1048476
2029	 0.000315	 1046964
2030	 0.000312	 1047480
2031	 0.000313	 1047996
2032	 0.000324	 1048512
2033	 0.000313	 1046995
2034	 0.000312	 1047510
2035	 0.000313	 1048025
2036	 0.000313	 1048540
2037	 0.000312	 1047018
2038	 0.000313	 1047532
2039	 0.000312	 1048046
2040	 0.000313	 1048560
2041	 0.000315	 1047033
2042	 0.000313	 1047546
2043	 0.000313	 1048059
2044	 0.000313	 1048572
2045	 0.000313	 1047040
2046	 0.000312	 1047552
2047	 0.000313	 1048064
2048	 0.000313	 1048576
2049	 0.000313	 1047039
2050	 0.000312	 1047550
2051	 0.000313	 1048061
2052	 0.000313	 1048572
2053	 0.000312	 1047030
2054	 0.000315	 1047540
2055	 0.000313	 1048050
2056	 0.000313	 1048560
2057	 0.000312	 1047013
2058	 0.000313	 1047522
2059	 0.000312	 1048031
2060	 0.000313	 1048540
2061	 0.000312	 1046988
2062	 0.000313	 1047496
2063	 0.000313	 1048004
2064	 0.000312	 1048512
2065	 0.000313	 1046955
2066	 0.000312	 1047462
2067	 0.000315	 1047969
2068	 0.000313	 1048476
2069	 0.000312	 1046914
2070	 0.000313	 1047420
2071	 0.000313	 1047926
2072	 0.000313	 1048432
2073	 0.000313	 1046865
2074	 0.000313	 1047370
2075	 0.000312	 1047875
2076	 0.000313	 1048380
2077	 0.000312	 1046808
2078	 0.000312	 1047312
2079	 0.000313	 1047816
2080	 0.000315	 1048320
2081	 0.000313	 1046743
2082	 0.000312	 1047246
2083	 0.000324	 1047749
2084	 0.000313	 1048252
2085	 0.000312	 1046670
2086	 0.000312	 1047172
2087	 0.000313	 1047674
2088	 0.000312	 1048176
2089	 0.000313	 1046589
2090	 0.000312	 1047090
2091	 0.000313	 1047591
2092	 0.000315	 1048092
2093	 0.000312	 1046500
2094	 0.000313	 1047000
2095	 0.000313	 1047500
2096	 0.000312	 1048000
2097	 0.000313	 1048500
2098	 0.000312	 1046902
2099	 0.000313	 1047401
2100	 0.000313	 1047900
2101	 0.000312	 1048399
2102	 0.000313	 1046796
2103	 0.000312	 1047294
2104	 0.000313	 1047792
2105	 0.000315	 1048290
2106	 0.000313	 1046682
2107	 0.000312	 1047179
2108	 0.000312	 1047676
2109	 0.000313	 1048173
2110	 0.000312	 1046560
2111	 0.000312	 1047056
2112	 0.000313	 1047552
2113	 0.000313	 1048048
2114	 0.000313	 1048544
2115	 0.000313	 1046925
2116	 0.000312	 1047420
2117	 0.000313	 1047915
2118	 0.000315	 1048410
2119	 0.000312	 1046786
2120	 0.000312	 1047280
2121	 0.000313	 1047774
2122	 0.000313	 1048268
2123	 0.000312	 1046639
2124	 0.000312	 1047132
2125	 0.000313	 1047625
2126	 0.000312	 1048118
2127	 0.000313	 1046484
2128	 0.000312	 1046976
2129	 0.000312	 1047468
2130	 0.000313	 1047960
2131	 0.000315	 1048452
2132	 0.000312	 1046812
2133	 0.000313	 1047303
2134	 0.000312	 1047794
2135	 0.000313	 1048285
2136	 0.000312	 1046640
2137	 0.000312	 1047130
2138	 0.000326	 1047620
2139	 0.000313	 1048110
2140	 0.000312	 1046460
2141	 0.000312	 1046949
2142	 0.000312	 1047438
2143	 0.000316	 1047927
2144	 0.000313	 1048416
2145	 0.000312	 1046760
2146	 0.000312	 1047248
2147	 0.000313	 1047736
2148	 0.000312	 1048224
2149	 0.000312	 1046563
2150	 0.000313	 1047050
2151	 0.000312	 1047537
2152	 0.000312	 1048024
2153	 0.000313	 1048511
2154	 0.000312	 1046844
2155	 0.000313	 1047330
2156	 0.000314	 1047816
2157	 0.000313	 1048302
2158	 0.000312	 1046630
2159	 0.000312	 1047115
2160	 0.000313	 1047600
2161	 0.000312	 1048085
2162	 0.000313	 1048570
2163	 0.000313	 1046892
2164	 0.000312	 1047376
2165	 0.000312	 1047860
2166	 0.000313	 1048344
2167	 0.000312	 1046661
2168	 0.000312	 1047144
2169	 0.000314	 1047627
2170	 0.000313	 1048110
2171	 0.000312	 1046422
2172	 0.000312	 1046904
2173	 0.000312	 1047386
2174	 0.000313	 1047868
2175	 0.000312	 1048350
2176	 0.000313	 1046656
2177	 0.000313	 1047137
2178	 0.000312	 1047618
2179	 0.000313	 1048099
2180	 0.000312	 1046400
2181	 0.000312	 1046880
2182	 0.000314	 1047360
2183	 0.000313	 1047840
2184	 0.000313	 1048320
2185	 0.000312	 1046615
2186	 0.000312	 1047094
2187	 0.000312	 1047573
2188	 0.000313	 1048052
2189	 0.000312	 1048531
2190	 0.000313	 1046820
2191	 0.000312	 1047298
2192	 0.000324	 1047776
2193	 0.000313	 1048254
2194	 0.000314	 1046538
2195	 0.000313	 1047015
2196	 0.000312	 1047492
2197	 0.000312	 1047969
2198	 0.000313	 1048446
2199	 0.000312	 1046724
2200	 0.000312	 1047200
2201	 0.000313	 1047676
2202	 0.000313	 1048152
2203	 0.000312	 1046425
2204	 0.000312	 1046900
2205	 0.000312	 1047375
2206	 0.000313	 1047850
2207	 0.000315	 1048325
2208	 0.000312	 1046592
2209	 0.000312	 1047066
2210	 0.000313	 1047540
2211	 0.000313	 1048014
2212	 0.000312	 1048488
2213	 0.000312	 1046749
2214	 0.000312	 1047222
2215	 0.000313	 1047695
2216	 0.000313	 1048168
2217	 0.000312	 1046424
2218	 0.000312	 1046896
2219	 0.000312	 1047368
2220	 0.000315	 1047840
2221	 0.000313	 1048312
2222	 0.000312	 1046562
2223	 0.000312	 1047033
2224	 0.000312	 1047504
2225	 0.000313	 1047975
2226	 0.000313	 1048446
2227	 0.000312	 1046690
2228	 0.000312	 1047160
2229	 0.000313	 1047630
2230	 0.000312	 1048100
2231	 0.000313	 1048570
2232	 0.000314	 1046808
2233	 0.000312	 1047277
2234	 0.000312	 1047746
2235	 0.000313	 1048215
2236	 0.000312	 1046448
2237	 0.000312	 1046916
2238	 0.000313	 1047384
2239	 0.000313	 1047852
2240	 0.000312	 1048320
2241	 0.000312	 1046547
2242	 0.000312	 1047014
2243	 0.000313	 1047481
2244	 0.000324	 1047948
2245	 0.000315	 1048415
2246	 0.000312	 1046636
2247	 0.000312	 1047102
2248	 0.000313	 1047568
2249	 0.000312	 1048034
2250	 0.000313	 1048500
2251	 0.000313	 1046715
2252	 0.000313	 1047180
2253	 0.000312	 1047645
2254	 0.000312	 1048110
2255	 0.000313	 1048575
2256	 0.000312	 1046784
2257	 0.000312	 1047248
2258	 0.000315	 1047712
2259	 0.000312	 1048176
2260	 0.000312	 1046380
2261	 0.000312	 1046843
2262	 0.000313	 1047306
2263	 0.000312	 1047769
2264	 0.000313	 1048232
2265	 0.000312	 1046430
2266	 0.000313	 1046892
2267	 0.000312	 1047354
2268	 0.000312	 1047816
2269	 0.000313	 1048278
2270	 0.000312	 1046470
2271	 0.000314	 1046931
2272	 0.000312	 1047392
2273	 0.000313	 1047853
2274	 0.000312	 1048314
2275	 0.000312	 1046500
2276	 0.000312	 1046960
2277	 0.000312	 1047420
2278	 0.000313	 1047880
2279	 0.000312	 1048340
2280	 0.000312	 1046520
2281	 0.000312	 1046979
2282	 0.000312	 1047438
2283	 0.000315	 1047897
2284	 0.000313	 1048356
2285	 0.000312	 1046530
2286	 0.000312	 1046988
2287	 0.000312	 1047446
2288	 0.000313	 1047904
2289	 0.000312	 1048362
2290	 0.000312	 1046530
2291	 0.000312	 1046987
2292	 0.000312	 1047444
2293	 0.000313	 1047901
2294	 0.000312	 1048358
2295	 0.000312	 1046520
2296	 0.000314	 1046976
2297	 0.000312	 1047432
2298	 0.000325	 1047888
2299	 0.000313	 1048344
2300	 0.000312	 1046500
2301	 0.000312	 1046955
2302	 0.000312	 1047410
2303	 0.000312	 1047865
2304	 0.000313	 1048320
2305	 0.000312	 1046470
2306	 0.000312	 1046924
2307	 0.000312	 1047378
2308	 0.000312	 1047832
2309	 0.000315	 1048286
2310	 0.000312	 1046430
2311	 0.000312	 1046883
2312	 0.000312	 1047336
2313	 0.000313	 1047789
2314	 0.000313	 1048242
2315	 0.000312	 1046380
2316	 0.000312	 1046832
2317	 0.000312	 1047284
2318	 0.000312	 1047736
2319	 0.000313	 1048188
2320	 0.000312	 1046320
2321	 0.000312	 1046771
2322	 0.000314	 1047222
2323	 0.000312	 1047673
2324	 0.000313	 1048124
2325	 0.000312	 1048575
2326	 0.000312	 1046700
2327	 0.000312	 1047150
2328	 0.000313	 1047600
2329	 0.000312	 1048050
2330	 0.000312	 1048500
2331	 0.000312	 1046619
2332	 0.000313	 1047068
2333	 0.000313	 1047517
2334	 0.000314	 1047966
2335	 0.000313	 1048415
2336	 0.000312	 1046528
2337	 0.000312	 1046976
2338	 0.000312	 1047424
2339	 0.000313	 1047872
2340	 0.000312	 1048320
2341	 0.000312	 1046427
2342	 0.000312	 1046874
2343	 0.000312	 1047321
2344	 0.000312	 1047768
2345	 0.000313	 1048215
2346	 0.000311	 1046316
2347	 0.000315	 1046762
2348	 0.000312	 1047208
2349	 0.000312	 1047654
2350	 0.000323	 1048100
2351	 0.000313	 1048546
2352	 0.000312	 1046640
2353	 0.000312	 1047085
2354	 0.000312	 1047530
2355	 0.000312	 1047975
2356	 0.000312	 1048420
2357	 0.000312	 1046508
2358	 0.000312	 1046952
2359	 0.000313	 1047396
2360	 0.000326	 1047840
2361	 0.000312	 1048284
2362	 0.000312	 1046366
2363	 0.000312	 1046809
2364	 0.000312	 1047252
2365	 0.000312	 1047695
2366	 0.000312	 1048138
2367	 0.000312	 1046214
2368	 0.000312	 1046656
2369	 0.000312	 1047098
2370	 0.000312	 1047540
2371	 0.000312	 1047982
2372	 0.000313	 1048424
2373	 0.000314	 1046493
2374	 0.000312	 1046934
2375	 0.000312	 1047375
2376	 0.000312	 1047816
2377	 0.000313	 1048257
2378	 0.000311	 1046320
2379	 0.000313	 1046760
2380	 0.000312	 1047200
2381	 0.000312	 1047640
2382	 0.000313	 1048080
2383	 0.000312	 1048520
2384	 0.000312	 1046576
2385	 0.000314	 1047015
2386	 0.000312	 1047454
2387	 0.000312	 1047893
2388	 0.000313	 1048332
2389	 0.000311	 1046382
2390	 0.000312	 1046820
2391	 0.000312	 1047258
2392	 0.000312	 1047696
2393	 0.000313	 1048134
2394	 0.000312	 1048572
2395	 0.000312	 1046615
2396	 0.000312	 1047052
2397	 0.000312	 1047489
2398	 0.000314	 1047926
2399	 0.000312	 1048363
2400	 0.000312	 1046400
2401	 0.000312	 1046836
2402	 0.000312	 1047272
2403	 0.000312	 1047708
2404	 0.000325	 1048144
2405	 0.000312	 1046175
2406	 0.000312	 1046610
2407	 0.000328	 1047045
2408	 0.000313	 1047480
2409	 0.000312	 1047915
2410	 0.000313	 1048350
2411	 0.000315	 1046374
2412	 0.000312	 1046808
2413	 0.000312	 1047242
2414	 0.000312	 1047676
2415	 0.000312	 1048110
2416	 0.000312	 1048544
2417	 0.000312	 1046561
2418	 0.000312	 1046994
2419	 0.000312	 1047427
2420	 0.000312	 1047860
2421	 0.000312	 1048293
2422	 0.000312	 1046304
2423	 0.000312	 1046736
2424	 0.000315	 1047168
2425	 0.000312	 1047600
2426	 0.000313	 1048032
2427	 0.000312	 1048464
2428	 0.000312	 1046468
2429	 0.000311	 1046899
2430	 0.000312	 1047330
2431	 0.000312	 1047761
2432	 0.000312	 1048192
2433	 0.000312	 1046190
2434	 0.000312	 1046620
2435	 0.000312	 1047050
2436	 0.000315	 1047480
2437	 0.000312	 1047910
2438	 0.000312	 1048340
2439	 0.000312	 1046331
2440	 0.000312	 1046760
2441	 0.000312	 1047189
2442	 0.000312	 1047618
2443	 0.000312	 1048047
2444	 0.000312	 1048476
2445	 0.000312	 1046460
2446	 0.000312	 1046888
2447	 0.000312	 1047316
2448	 0.000313	 1047744
2449	 0.000314	 1048172
2450	 0.000312	 1046150
2451	 0.000312	 1046577
2452	 0.000312	 1047004
2453	 0.000312	 1047431
2454	 0.000312	 1047858
2455	 0.000325	 1048285
2456	 0.000312	 1046256
2457	 0.000312	 1046682
2458	 0.000312	 1047108
2459	 0.000312	 1047534
2460	 0.000312	 1047960
2461	 0.000313	 1048386
2462	 0.000314	 1046350
2463	 0.000313	 1046775
2464	 0.000314	 1047200
2465	 0.000313	 1047625
2466	 0.000313	 1048050
2467	 0.000359	 1048475
2468	 0.000312	 1046432
2469	 0.000313	 1046856
2470	 0.000312	 1047280
2471	 0.000313	 1047704
2472	 0.000313	 1048128
2473	 0.000313	 1048552
2474	 0.000312	 1046502
2475	 0.000319	 1046925
2476	 0.000312	 1047348
2477	 0.000312	 1047771
2478	 0.000313	 1048194
2479	 0.000311	 1046138
2480	 0.000312	 1046560
2481	 0.000312	 1046982
2482	 0.000312	 1047404
2483	 0.000312	 1047826
2484	 0.000313	 1048248
2485	 0.000312	 1046185
2486	 0.000366	 1046606
2487	 0.000317	 1047027
2488	 0.000313	 1047448
2489	 0.000312	 1047869
2490	 0.000312	 1048290
2491	 0.000312	 1046220
2492	 0.000311	 1046640
2493	 0.000312	 1047060
2494	 0.000312	 1047480
2495	 0.000312	 1047900
2496	 0.000388	 1048320
2497	 0.000312	 1046243
2498	 0.000312	 1046662
2499	 0.000312	 1047081
2500	 0.000343	 1047500
2501	 0.000312	 1047919
2502	 0.000312	 1048338
2503	 0.000312	 1046254
2504	 0.000312	 1046672
2505	 0.000311	 1047090
2506	 0.000312	 1047508
2507	 0.000313	 1047926
2508	 0.000312	 1048344
2509	 0.000331	 1046253
2510	 0.000312	 1046670
2511	 0.000312	 1047087
2512	 0.000331	 1047504
2513	 0.000312	 1047921
2514	 0.000313	 1048338
2515	 0.000312	 1046240
2516	 0.000312	 1046656
2517	 0.000312	 1047072
2518	 0.000312	 1047488
2519	 0.000312	 1047904
2520	 0.000312	 1048320
2521	 0.000311	 1046215
2522	 0.000312	 1046630
2523	 0.000312	 1047045
2524	 0.000312	 1047460
2525	 0.000315	 1047875
2526	 0.000312	 1048290
2527	 0.000312	 1046178
2528	 0.000311	 1046592
2529	 0.000312	 1047006
2530	 0.000312	 1047420
2531	 0.000312	 1047834
2532	 0.000312	 1048248
2533	 0.000312	 1046129
2534	 0.000311	 1046542
2535	 0.000312	 1046955
2536	 0.000312	 1047368
2537	 0.000312	 1047781
2538	 0.000314	 1048194
2539	 0.000312	 1046068
2540	 0.000311	 1046480
2541	 0.000312	 1046892
2542	 0.000312	 1047304
2543	 0.000312	 1047716
2544	 0.000312	 1048128
2545	 0.000313	 1048540
2546	 0.000311	 1046406
2547	 0.000312	 1046817
2548	 0.000312	 1047228
2549	 0.000312	 1047639
2550	 0.000314	 1048050
2551	 0.000312	 1048461
2552	 0.000312	 1046320
2553	 0.000311	 1046730
2554	 0.000312	 1047140
2555	 0.000312	 1047550
2556	 0.000312	 1047960
2557	 0.000312	 1048370
2558	 0.000312	 1046222
2559	 0.000312	 1046631
2560	 0.000326	 1047040
2561	 0.000312	 1047449
2562	 0.000312	 1047858
2563	 0.000315	 1048267
2564	 0.000311	 1046112
2565	 0.000312	 1046520
2566	 0.000312	 1046928
2567	 0.000312	 1047336
2568	 0.000312	 1047744
2569	 0.000312	 1048152
2570	 0.000313	 1048560
2571	 0.000311	 1046397
2572	 0.000313	 1046804
2573	 0.000312	 1047211
2574	 0.000312	 1047618
2575	 0.000312	 1048025
2576	 0.000314	 1048432
2577	 0.000312	 1046262
2578	 0.000312	 1046668
2579	 0.000312	 1047074
2580	 0.000312	 1047480
2581	 0.000312	 1047886
2582	 0.000312	 1048292
2583	 0.000311	 1046115
2584	 0.000312	 1046520
2585	 0.000312	 1046925
2586	 0.000312	 1047330
2587	 0.000312	 1047735
2588	 0.000312	 1048140
2589	 0.000315	 1048545
2590	 0.000312	 1046360
2591	 0.000312	 1046764
2592	 0.000312	 1047168
2593	 0.000312	 1047572
2594	 0.000313	 1047976
2595	 0.000312	 1048380
2596	 0.000312	 1046188
2597	 0.000311	 1046591
2598	 0.000312	 1046994
2599	 0.000312	 1047397
2600	 0.000312	 1047800
2601	 0.000312	 1048203
2602	 0.000337	 1046004
2603	 0.000312	 1046406
2604	 0.000312	 1046808
2605	 0.000312	 1047210
2606	 0.000311	 1047612
2607	 0.000312	 1048014
2608	 0.000312	 1048416
2609	 0.000311	 1046209
2610	 0.000312	 1046610
2611	 0.000312	 1047011
2612	 0.000312	 1047412
2613	 0.000312	 1047813
2614	 0.000315	 1048214
2615	 0.000327	 1046000
2616	 0.000311	 1046400
2617	 0.000312	 1046800
2618	 0.000312	 1047200
2619	 0.000311	 1047600
2620	 0.000312	 1048000
2621	 0.000313	 1048400
2622	 0.000312	 1046178
2623	 0.000312	 1046577
2624	 0.000311	 1046976
2625	 0.000311	 1047375
2626	 0.000312	 1047774
2627	 0.000315	 1048173
2628	 0.000312	 1048572
2629	 0.000312	 1046342
2630	 0.000311	 1046740
2631	 0.000312	 1047138
2632	 0.000312	 1047536
2633	 0.000312	 1047934
2634	 0.000312	 1048332
2635	 0.000312	 1046095
2636	 0.000312	 1046492
2637	 0.000312	 1046889
2638	 0.000312	 1047286
2639	 0.000312	 1047683
2640	 0.000314	 1048080
2641	 0.000312	 1048477
2642	 0.000311	 1046232
2643	 0.000312	 1046628
2644	 0.000311	 1047024
2645	 0.000313	 1047420
2646	 0.000312	 1047816
2647	 0.000312	 1048212
2648	 0.000311	 1045960
2649	 0.000311	 1046355
2650	 0.000312	 1046750
2651	 0.000312	 1047145
2652	 0.000315	 1047540
2653	 0.000312	 1047935
2654	 0.000312	 1048330
2655	 0.000312	 1046070
2656	 0.000312	 1046464
2657	 0.000312	 1046858
2658	 0.000312	 1047252
2659	 0.000312	 1047646
2660	 0.000312	 1048040
2661	 0.000313	 1048434
2662	 0.000311	 1046166
2663	 0.000312	 1046559
2664	 0.000311	 1046952
2665	 0.000315	 1047345
2666	 0.000312	 1047738
2667	 0.000312	 1048131
2668	 0.000312	 1048524
2669	 0.000327	 1046248
2670	 0.000312	 1046640
2671	 0.000312	 1047032
2672	 0.000311	 1047424
2673	 0.000312	 1047816
2674	 0.000312	 1048208
2675	 0.000312	 1045925
2676	 0.000312	 1046316
2677	 0.000312	 1046707
2678	 0.000314	 1047098
2679	 0.000312	 1047489
2680	 0.000312	 1047880
2681	 0.000312	 1048271
2682	 0.000312	 1045980
2683	 0.000311	 1046370
2684	 0.000312	 1046760
2685	 0.000312	 1047150
2686	 0.000312	 1047540
2687	 0.000312	 1047930
2688	 0.000312	 1048320
2689	 0.000311	 1046021
2690	 0.000312	 1046410
2691	 0.000314	 1046799
2692	 0.000312	 1047188
2693	 0.000312	 1047577
2694	 0.000312	 1047966
2695	 0.000312	 1048355
2696	 0.000311	 1046048
2697	 0.000312	 1046436
2698	 0.000311	 1046824
2699	 0.000312	 1047212
2700	 0.000312	 1047600
2701	 0.000312	 1047988
2702	 0.000312	 1048376
2703	 0.000311	 1046061
2704	 0.000314	 1046448
2705	 0.000312	 1046835
2706	 0.000312	 1047222
2707	 0.000312	 1047609
2708	 0.000312	 1047996
2709	 0.000312	 1048383
2710	 0.000311	 1046060
2711	 0.000312	 1046446
2712	 0.000311	 1046832
2713	 0.000312	 1047218
2714	 0.000312	 1047604
2715	 0.000312	 1047990
2716	 0.000314	 1048376
2717	 0.000312	 1046045
2718	 0.000312	 1046430
2719	 0.000312	 1046815
2720	 0.000312	 1047200
2721	 0.000323	 1047585
2722	 0.000312	 1047970
2723	 0.000312	 1048355
2724	 0.000311	 1046016
2725	 0.000312	 1046400
2726	 0.000312	 1046784
2727	 0.000312	 1047168
2728	 0.000349	 1047552
2729	 0.000316	 1047936
2730	 0.000312	 1048320
2731	 0.000312	 1045973
2732	 0.000311	 1046356
2733	 0.000312	 1046739
2734	 0.000311	 1047122
2735	 0.000312	 1047505
2736	 0.000312	 1047888
2737	 0.000312	 1048271
2738	 0.000311	 1045916
2739	 0.000312	 1046298
2740	 0.000311	 1046680
2741	 0.000312	 1047062
2742	 0.000314	 1047444
2743	 0.000312	 1047826
2744	 0.000312	 1048208
2745	 0.000311	 1045845
2746	 0.000311	 1046226
2747	 0.000312	 1046607
2748	 0.000311	 1046988
2749	 0.000311	 1047369
2750	 0.000312	 1047750
2751	 0.000312	 1048131
2752	 0.000312	 1048512
2753	 0.000311	 1046140
2754	 0.000314	 1046520
2755	 0.000311	 1046900
2756	 0.000312	 1047280
2757	 0.000312	 1047660
2758	 0.000312	 1048040
2759	 0.000312	 1048420
2760	 0.000312	 1046040
2761	 0.000311	 1046419
2762	 0.000312	 1046798
2763	 0.000311	 1047177
2764	 0.000312	 1047556
2765	 0.000312	 1047935
2766	 0.000312	 1048314
2767	 0.000326	 1045926
2768	 0.000312	 1046304
2769	 0.000311	 1046682
2770	 0.000312	 1047060
2771	 0.000311	 1047438
2772	 0.000312	 1047816
2773	 0.000312	 1048194
2774	 0.000312	 1048572
2775	 0.000328	 1046175
2776	 0.000311	 1046552
2777	 0.000312	 1046929
2778	 0.000311	 1047306
2779	 0.000390	 1047683
2780	 0.000588	 1048060
2781	 0.000643	 1048437
2782	 0.000655	 1046032
2783	 0.000586	 1046408
2784	 0.000609	 1046784
2785	 0.000355	 1047160
2786	 0.000312	 1047536
2787	 0.000318	 1047912
2788	 0.000312	 1048288
2789	 0.000311	 1045875
2790	 0.000311	 1046250
2791	 0.000312	 1046625
2792	 0.000311	 1047000
2793	 0.000312	 1047375
2794	 0.000312	 1047750
2795	 0.000312	 1048125
2796	 0.000312	 1048500
2797	 0.000311	 1046078
2798	 0.000311	 1046452
2799	 0.000312	 1046826
2800	 0.000313	 1047200
2801	 0.000312	 1047574
2802	 0.000312	 1047948
2803	 0.000312	 1048322
2804	 0.000311	 1045892
2805	 0.000311	 1046265
2806	 0.000312	 1046638
2807	 0.000311	 1047011
2808	 0.000312	 1047384
2809	 0.000312	 1047757
2810	 0.000312	 1048130
2811	 0.000312	 1048503
2812	 0.000311	 1046064
2813	 0.000314	 1046436
2814	 0.000311	 1046808
2815	 0.000312	 1047180
2816	 0.000311	 1047552
2817	 0.000312	 1047924
2818	 0.000312	 1048296
2819	 0.000311	 1045849
2820	 0.000312	 1046220
2821	 0.000332	 1046591
2822	 0.000312	 1046962
2823	 0.000312	 1047333
2824	 0.000311	 1047704
2825	 0.000312	 1048075
2826	 0.000316	 1048446
2827	 0.000311	 1045990
2828	 0.000312	 1046360
2829	 0.000311	 1046730
2830	 0.000312	 1047100
2831	 0.000312	 1047470
2832	 0.000312	 1047840
2833	 0.000312	 1048210
2834	 0.000311	 1045746
2835	 0.000311	 1046115
2836	 0.000374	 1046484
2837	 0.000311	 1046853
2838	 0.000316	 1047222
2839	 0.000311	 1047591
2840	 0.000312	 1047960
2841	 0.000312	 1048329
2842	 0.000311	 1045856
2843	 0.000311	 1046224
2844	 0.000312	 1046592
2845	 0.000312	 1046960
2846	 0.000312	 1047328
2847	 0.000312	 1047696
2848	 0.000312	 1048064
2849	 0.000312	 1048432
2850	 0.000311	 1045950
2851	 0.000314	 1046317
2852	 0.000311	 1046684
2853	 0.000312	 1047051
2854	 0.000311	 1047418
2855	 0.000312	 1047785
2856	 0.000312	 1048152
2857	 0.000312	 1048519
2858	 0.000311	 1046028
2859	 0.000311	 1046394
2860	 0.000312	 1046760
2861	 0.000311	 1047126
2862	 0.000314	 1047492
2863	 0.000312	 1047858
2864	 0.000314	 1048224
2865	 0.000311	 1045725
2866	 0.000311	 1046090
2867	 0.000312	 1046455
2868	 0.000312	 1046820
2869	 0.000312	 1047185
2870	 0.000312	 1047550
2871	 0.000312	 1047915
2872	 0.000312	 1048280
2873	 0.000311	 1045772
2874	 0.000311	 1046136
2875	 0.000328	 1046500
2876	 0.000312	 1046864
2877	 0.000315	 1047228
2878	 0.000312	 1047592
2879	 0.000312	 1047956
2880	 0.000312	 1048320
2881	 0.000311	 1045803
2882	 0.000311	 1046166
2883	 0.000311	 1046529
2884	 0.000312	 1046892
2885	 0.000311	 1047255
2886	 0.000312	 1047618
2887	 0.000380	 1047981
2888	 0.000312	 1048344
2889	 0.000315	 1045818
2890	 0.000312	 1046180
2891	 0.000311	 1046542
2892	 0.000311	 1046904
2893	 0.000312	 1047266
2894	 0.000312	 1047628
2895	 0.000311	 1047990
2896	 0.000312	 1048352
2897	 0.000311	 1045817
2898	 0.000312	 1046178
2899	 0.000311	 1046539
2900	 0.000311	 1046900
2901	 0.000312	 1047261
2902	 0.000313	 1047622
2903	 0.000312	 1047983
2904	 0.000312	 1048344
2905	 0.000311	 1045800
2906	 0.000311	 1046160
2907	 0.000312	 1046520
2908	 0.000311	 1046880
2909	 0.000312	 1047240
2910	 0.000311	 1047600
2911	 0.000312	 1047960
2912	 0.000312	 1048320
2913	 0.000311	 1045767
2914	 0.000311	 1046126
2915	 0.000314	 1046485
2916	 0.000311	 1046844
2917	 0.000311	 1047203
2918	 0.000312	 1047562
2919	 0.000312	 1047921
2920	 0.000312	 1048280
2921	 0.000311	 1045718
2922	 0.000311	 1046076
2923	 0.000311	 1046434
2924	 0.000312	 1046792
2925	 0.000311	 1047150
2926	 0.000312	 1047508
2927	 0.000311	 1047866
2928	 0.000315	 1048224
2929	 0.000311	 1045653
2930	 0.000326	 1046010
2931	 0.000311	 1046367
2932	 0.000311	 1046724
2933	 0.000312	 1047081
2934	 0.000311	 1047438
2935	 0.000312	 1047795
2936	 0.000312	 1048152
2937	 0.000312	 1048509
2938	 0.000311	 1045928
2939	 0.000567	 1046284
2940	 0.000610	 1046640
2941	 0.000311	 1046996
2942	 0.000312	 1047352
2943	 0.000312	 1047708
2944	 0.000312	 1048064
2945	 0.000312	 1048420
2946	 0.000311	 1045830
2947	 0.000311	 1046185
2948	 0.000312	 1046540
2949	 0.000311	 1046895
2950	 0.000312	 1047250
2951	 0.000316	 1047605
2952	 0.000311	 1047960
2953	 0.000312	 1048315
2954	 0.000311	 1045716
2955	 0.000311	 1046070
2956	 0.000312	 1046424
2957	 0.000312	 1046778
2958	 0.000311	 1047132
2959	 0.000312	 1047486
2960	 0.000311	 1047840
2961	 0.000312	 1048194
2962	 0.000312	 1048548
2963	 0.000311	 1045939
2964	 0.000314	 1046292
2965	 0.000312	 1046645
2966	 0.000311	 1046998
2967	 0.000312	 1047351
2968	 0.000311	 1047704
2969	 0.000312	 1048057
2970	 0.000312	 1048410
2971	 0.000311	 1045792
2972	 0.000311	 1046144
2973	 0.000311	 1046496
2974	 0.000311	 1046848
2975	 0.000312	 1047200
2976	 0.000311	 1047552
2977	 0.000314	 1047904
2978	 0.000312	 1048256
2979	 0.000334	 1045629
2980	 0.000311	 1045980
2981	 0.000312	 1046331
2982	 0.000311	 1046682
2983	 0.000311	 1047033
2984	 0.000312	 1047384
2985	 0.000311	 1047735
2986	 0.000312	 1048086
2987	 0.000312	 1048437
2988	 0.000311	 1045800
2989	 0.000311	 1046150
2990	 0.000316	 1046500
2991	 0.000311	 1046850
2992	 0.000312	 1047200
2993	 0.000311	 1047550
2994	 0.000312	 1047900
2995	 0.000312	 1048250
2996	 0.000311	 1045604
2997	 0.000311	 1045953
2998	 0.000311	 1046302
2999	 0.000311	 1046651
3000	 0.000312	 1047000
3001	 0.000311	 1047349
3002	 0.000314	 1047698
3003	 0.000312	 1048047
3004	 0.000311	 1048396
3005	 0.000312	 1045740
3006	 0.000312	 1046088
3007	 0.000311	 1046436
3008	 0.000311	 1046784
3009	 0.000312	 1047132
3010	 0.000312	 1047480
3011	 0.000312	 1047828
3012	 0.000311	 1048176
3013	 0.000312	 1048524
3014	 0.000311	 1045858
3015	 0.000314	 1046205
3016	 0.000311	 1046552
3017	 0.000311	 1046899
3018	 0.000312	 1047246
3019	 0.000311	 1047593
3020	 0.000312	 1047940
3021	 0.000312	 1048287
3022	 0.000311	 1045612
3023	 0.000311	 1045958
3024	 0.000311	 1046304
3025	 0.000311	 1046650
3026	 0.000311	 1046996
3027	 0.000312	 1047342
3028	 0.000314	 1047688
3029	 0.000312	 1048034
3030	 0.000312	 1048380
3031	 0.000311	 1045695
3032	 0.000311	 1046040
3033	 0.000312	 1046385
3034	 0.000324	 1046730
3035	 0.000312	 1047075
3036	 0.000312	 1047420
3037	 0.000312	 1047765
3038	 0.000312	 1048110
3039	 0.000313	 1048455
3040	 0.000311	 1045760
3041	 0.000314	 1046104
3042	 0.000311	 1046448
3043	 0.000312	 1046792
3044	 0.000312	 1047136
3045	 0.000311	 1047480
3046	 0.000312	 1047824
3047	 0.000312	 1048168
3048	 0.000312	 1048512
3049	 0.000311	 1045807
3050	 0.000311	 1046150
3051	 0.000311	 1046493
3052	 0.000312	 1046836
3053	 0.000313	 1047179
3054	 0.000312	 1047522
3055	 0.000312	 1047865
3056	 0.000312	 1048208
3057	 0.000312	 1048551
3058	 0.000311	 1045836
3059	 0.000311	 1046178
3060	 0.000312	 1046520
3061	 0.000312	 1046862
3062	 0.000311	 1047204
3063	 0.000312	 1047546
3064	 0.000312	 1047888
3065	 0.000311	 1048230
3066	 0.000315	 1048572
3067	 0.000311	 1045847
3068	 0.000311	 1046188
3069	 0.000311	 1046529
3070	 0.000311	 1046870
3071	 0.000312	 1047211
3072	 0.000311	 1047552
3073	 0.000312	 1047893
3074	 0.000312	 1048234
3075	 0.000312	 1048575
3076	 0.000311	 1045840
3077	 0.000312	 1046180
3078	 0.000311	 1046520
3079	 0.000313	 1046860
3080	 0.000312	 1047200
3081	 0.000311	 1047540
3082	 0.000312	 1047880
3083	 0.000312	 1048220
3084	 0.000312	 1048560
3085	 0.000323	 1045815
3086	 0.000311	 1046154
3087	 0.000311	 1046493
3088	 0.000312	 1046832
3089	 0.000311	 1047171
3090	 0.000312	 1047510
3091	 0.000311	 1047849
3092	 0.000315	 1048188
3093	 0.000312	 1048527
3094	 0.000311	 1045772
3095	 0.000311	 1046110
3096	 0.000311	 1046448
3097	 0.000311	 1046786
3098	 0.000312	 1047124
3099	 0.000311	 1047462
3100	 0.000312	 1047800
3101	 0.000312	 1048138
3102	 0.000312	 1048476
3103	 0.000311	 1045711
3104	 0.000311	 1046048
3105	 0.000313	 1046385
3106	 0.000311	 1046722
3107	 0.000312	 1047059
3108	 0.000311	 1047396
3109	 0.000312	 1047733
3110	 0.000311	 1048070
3111	 0.000312	 1048407
3112	 0.000311	 1045632
3113	 0.000311	 1045968
3114	 0.000311	 1046304
3115	 0.000312	 1046640
3116	 0.000312	 1046976
3117	 0.000313	 1047312
3118	 0.000312	 1047648
3119	 0.000312	 1047984
3120	 0.000312	 1048320
3121	 0.000310	 1045535
3122	 0.000311	 1045870
3123	 0.000311	 1046205
3124	 0.000311	 1046540
3125	 0.000311	 1046875
3126	 0.000312	 1047210
3127	 0.000311	 1047545
3128	 0.000312	 1047880
3129	 0.000312	 1048215
3130	 0.000315	 1048550
3131	 0.000311	 1045754
3132	 0.000311	 1046088
3133	 0.000312	 1046422
3134	 0.000311	 1046756
3135	 0.000311	 1047090
3136	 0.000312	 1047424
3137	 0.000311	 1047758
3138	 0.000312	 1048092
3139	 0.000311	 1048426
3140	 0.000324	 1045620
3141	 0.000311	 1045953
3142	 0.000311	 1046286
3143	 0.000314	 1046619
3144	 0.000311	 1046952
3145	 0.000312	 1047285
3146	 0.000311	 1047618
3147	 0.000312	 1047951
3148	 0.000311	 1048284
3149	 0.000311	 1045468
3150	 0.000311	 1045800
3151	 0.000311	 1046132
3152	 0.000312	 1046464
3153	 0.000312	 1046796
3154	 0.000311	 1047128
3155	 0.000312	 1047460
3156	 0.000313	 1047792
3157	 0.000311	 1048124
3158	 0.000312	 1048456
3159	 0.000311	 1045629
3160	 0.000311	 1045960
3161	 0.000311	 1046291
3162	 0.000311	 1046622
3163	 0.000311	 1046953
3164	 0.000312	 1047284
3165	 0.000312	 1047615
3166	 0.000312	 1047946
3167	 0.000312	 1048277
3168	 0.000311	 1045440
3169	 0.000325	 1045770
3170	 0.000311	 1046100
3171	 0.000311	 1046430
3172	 0.000312	 1046760
3173	 0.000311	 1047090
3174	 0.000311	 1047420
3175	 0.000312	 1047750
3176	 0.000311	 1048080
3177	 0.000312	 1048410
3178	 0.000311	 1045562
3179	 0.000311	 1045891
3180	 0.000311	 1046220
3181	 0.000314	 1046549
3182	 0.000311	 1046878
3183	 0.000312	 1047207
3184	 0.000311	 1047536
3185	 0.000312	 1047865
3186	 0.000311	 1048194
3187	 0.000312	 1048523
3188	 0.000311	 1045664
3189	 0.000311	 1045992
3190	 0.000312	 1046320
3191	 0.000323	 1046648
3192	 0.000312	 1046976
3193	 0.000311	 1047304
3194	 0.000314	 1047632
3195	 0.000311	 1047960
3196	 0.000312	 1048288
3197	 0.000311	 1045419
3198	 0.000311	 1045746
3199	 0.000311	 1046073
3200	 0.000311	 1046400
3201	 0.000311	 1046727
3202	 0.000311	 1047054
3203	 0.000312	 1047381
3204	 0.000311	 1047708
3205	 0.000312	 1048035
3206	 0.000311	 1048362
3207	 0.000313	 1045482
3208	 0.000311	 1045808
3209	 0.000312	 1046134
3210	 0.000311	 1046460
3211	 0.000311	 1046786
3212	 0.000311	 1047112
3213	 0.000312	 1047438
3214	 0.000311	 1047764
3215	 0.000312	 1048090
3216	 0.000311	 1048416
3217	 0.000311	 1045525
3218	 0.000311	 1045850
3219	 0.000311	 1046175
3220	 0.000313	 1046500
3221	 0.000311	 1046825
3222	 0.000311	 1047150
3223	 0.000312	 1047475
3224	 0.000311	 1047800
3225	 0.000312	 1048125
3226	 0.000312	 1048450
3227	 0.000311	 1045548
3228	 0.000310	 1045872
3229	 0.000311	 1046196
3230	 0.000312	 1046520
3231	 0.000311	 1046844
3232	 0.000313	 1047168
3233	 0.000312	 1047492
3234	 0.000312	 1047816
3235	 0.000312	 1048140
3236	 0.000311	 1048464
3237	 0.000311	 1045551
3238	 0.000311	 1045874
3239	 0.000311	 1046197
3240	 0.000312	 1046520
3241	 0.000312	 1046843
3242	 0.000311	 1047166
3243	 0.000311	 1047489
3244	 0.000312	 1047812
3245	 0.000314	 1048135
3246	 0.000323	 1048458
3247	 0.000311	 1045534
3248	 0.000311	 1045856
3249	 0.000311	 1046178
3250	 0.000311	 1046500
3251	 0.000311	 1046822
3252	 0.000311	 1047144
3253	 0.000312	 1047466
3254	 0.000311	 1047788
3255	 0.000312	 1048110
3256	 0.000312	 1048432
3257	 0.000311	 1045497
3258	 0.000314	 1045818
3259	 0.000311	 1046139
3260	 0.000311	 1046460
3261	 0.000311	 1046781
3262	 0.000312	 1047102
3263	 0.000311	 1047423
3264	 0.000312	 1047744
3265	 0.000311	 1048065
3266	 0.000312	 1048386
3267	 0.000311	 1045440
3268	 0.000311	 1045760
3269	 0.000311	 1046080
3270	 0.000312	 1046400
3271	 0.000314	 1046720
3272	 0.000311	 1047040
3273	 0.000312	 1047360
3274	 0.000311	 1047680
3275	 0.000312	 1048000
3276	 0.000311	 1048320
3277	 0.000311	 1045363
3278	 0.000310	 1045682
3279	 0.000311	 1046001
3280	 0.000311	 1046320
3281	 0.000311	 1046639
3282	 0.000312	 1046958
3283	 0.000311	 1047277
3284	 0.000313	 1047596
3285	 0.000312	 1047915
3286	 0.000311	 1048234
3287	 0.000312	 1048553
3288	 0.000311	 1045584
3289	 0.000311	 1045902
3290	 0.000311	 1046220
3291	 0.000311	 1046538
3292	 0.000311	 1046856
3293	 0.000312	 1047174
3294	 0.000311	 1047492
3295	 0.000312	 1047810
3296	 0.000314	 1048128
3297	 0.000311	 1048446
3298	 0.000311	 1045466
3299	 0.000311	 1045783
3300	 0.000311	 1046100
3301	 0.000337	 1046417
3302	 0.000329	 1046734
3303	 0.000311	 1047051
3304	 0.000311	 1047368
3305	 0.000311	 1047685
3306	 0.000312	 1048002
3307	 0.000311	 1048319
3308	 0.000311	 1045328
3309	 0.000315	 1045644
3310	 0.000311	 1045960
3311	 0.000311	 1046276
3312	 0.000311	 1046592
3313	 0.000311	 1046908
3314	 0.000311	 1047224
3315	 0.000311	 1047540
3316	 0.000312	 1047856
3317	 0.000311	 1048172
3318	 0.000312	 1048488
3319	 0.000311	 1045485
3320	 0.000311	 1045800
3321	 0.000311	 1046115
3322	 0.000314	 1046430
3323	 0.000311	 1046745
3324	 0.000311	 1047060
3325	 0.000311	 1047375
3326	 0.000312	 1047690
3327	 0.000312	 1048005
3328	 0.000312	 1048320
3329	 0.000311	 1045306
3330	 0.000311	 1045620
3331	 0.000311	 1045934
3332	 0.000311	 1046248
3333	 0.000311	 1046562
3334	 0.000311	 1046876
3335	 0.000313	 1047190
3336	 0.000312	 1047504
3337	 0.000311	 1047818
3338	 0.000311	 1048132
3339	 0.000312	 1048446
3340	 0.000311	 1045420
3341	 0.000311	 1045733
3342	 0.000311	 1046046
3343	 0.000311	 1046359
3344	 0.000311	 1046672
3345	 0.000312	 1046985
3346	 0.000312	 1047298
3347	 0.000313	 1047611
3348	 0.000311	 1047924
3349	 0.000312	 1048237
3350	 0.000312	 1048550
3351	 0.000310	 1045512
3352	 0.000323	 1045824
3353	 0.000311	 1046136
3354	 0.000311	 1046448
3355	 0.000312	 1046760
3356	 0.000311	 1047072
3357	 0.000311	 1047384
3358	 0.000311	 1047696
3359	 0.000312	 1048008
3360	 0.000314	 1048320
3361	 0.000310	 1045271
3362	 0.000311	 1045582
3363	 0.000311	 1045893
3364	 0.000311	 1046204
3365	 0.000311	 1046515
3366	 0.000311	 1046826
3367	 0.000311	 1047137
3368	 0.000312	 1047448
3369	 0.000311	 1047759
3370	 0.000311	 1048070
3371	 0.000312	 1048381
3372	 0.000311	 1045320
3373	 0.000312	 1045630
3374	 0.000311	 1045940
3375	 0.000311	 1046250
3376	 0.000311	 1046560
3377	 0.000311	 1046870
3378	 0.000311	 1047180
3379	 0.000312	 1047490
3380	 0.000311	 1047800
3381	 0.000312	 1048110
3382	 0.000312	 1048420
3383	 0.000311	 1045347
3384	 0.000310	 1045656
3385	 0.000311	 1045965
3386	 0.000313	 1046274
3387	 0.000311	 1046583
3388	 0.000311	 1046892
3389	 0.000312	 1047201
3390	 0.000311	 1047510
3391	 0.000311	 1047819
3392	 0.000312	 1048128
3393	 0.000311	 1048437
3394	 0.000311	 1045352
3395	 0.000311	 1045660
3396	 0.000311	 1045968
3397	 0.000311	 1046276
3398	 0.000311	 1046584
3399	 0.000314	 1046892
3400	 0.000311	 1047200
3401	 0.000311	 1047508
3402	 0.000312	 1047816
3403	 0.000312	 1048124
3404	 0.000311	 1048432
3405	 0.000311	 1045335
3406	 0.000311	 1045642
3407	 0.000322	 1045949
3408	 0.000311	 1046256
3409	 0.000311	 1046563
3410	 0.000311	 1046870
3411	 0.000313	 1047177
3412	 0.000311	 1047484
3413	 0.000312	 1047791
3414	 0.000311	 1048098
3415	 0.000312	 1048405
3416	 0.000310	 1045296
3417	 0.000311	 1045602
3418	 0.000311	 1045908
3419	 0.000311	 1046214
3420	 0.000311	 1046520
3421	 0.000311	 1046826
3422	 0.000311	 1047132
3423	 0.000311	 1047438
3424	 0.000314	 1047744
3425	 0.000311	 1048050
3426	 0.000311	 1048356
3427	 0.000311	 1045235
3428	 0.000311	 1045540
3429	 0.000311	 1045845
3430	 0.000311	 1046150
3431	 0.000311	 1046455
3432	 0.000311	 1046760
3433	 0.000312	 1047065
3434	 0.000311	 1047370
3435	 0.000311	 1047675
3436	 0.000312	 1047980
3437	 0.000314	 1048285
3438	 0.000310	 1045152
3439	 0.000311	 1045456
3440	 0.000311	 1045760
3441	 0.000310	 1046064
3442	 0.000311	 1046368
3443	 0.000311	 1046672
3444	 0.000311	 1046976
3445	 0.000312	 1047280
3446	 0.000311	 1047584
3447	 0.000311	 1047888
3448	 0.000312	 1048192
3449	 0.000311	 1048496
3450	 0.000323	 1045350
3451	 0.000311	 1045653
3452	 0.000311	 1045956
3453	 0.000310	 1046259
3454	 0.000311	 1046562
3455	 0.000312	 1046865
3456	 0.000312	 1047168
3457	 0.000311	 1047471
3458	 0.000323	 1047774
3459	 0.000311	 1048077
3460	 0.000312	 1048380
3461	 0.000311	 1045222
3462	 0.000311	 1045524
3463	 0.000314	 1045826
3464	 0.000311	 1046128
3465	 0.000311	 1046430
3466	 0.000311	 1046732
3467	 0.000311	 1047034
3468	 0.000311	 1047336
3469	 0.000312	 1047638
3470	 0.000311	 1047940
3471	 0.000312	 1048242
3472	 0.000311	 1048544
3473	 0.000311	 1045373
3474	 0.000311	 1045674
3475	 0.000313	 1045975
3476	 0.000311	 1046276
3477	 0.000311	 1046577
3478	 0.000312	 1046878
3479	 0.000311	 1047179
3480	 0.000311	 1047480
3481	 0.000311	 1047781
3482	 0.000312	 1048082
3483	 0.000312	 1048383
3484	 0.000311	 1045200
3485	 0.000311	 1045500
3486	 0.000311	 1045800
3487	 0.000311	 1046100
3488	 0.000313	 1046400
3489	 0.000311	 1046700
3490	 0.000311	 1047000
3491	 0.000311	 1047300
3492	 0.000311	 1047600
3493	 0.000312	 1047900
3494	 0.000311	 1048200
3495	 0.000312	 1048500
3496	 0.000311	 1045304
3497	 0.000311	 1045603
3498	 0.000311	 1045902
3499	 0.000311	 1046201
3500	 0.000311	 1046500
3501	 0.000313	 1046799
3502	 0.000311	 1047098
3503	 0.000311	 1047397
3504	 0.000311	 1047696
3505	 0.000312	 1047995
3506	 0.000311	 1048294
3507	 0.000311	 1045086
3508	 0.000310	 1045384
3509	 0.000311	 1045682
3510	 0.000311	 1045980
3511	 0.000311	 1046278
3512	 0.000310	 1046576
3513	 0.000323	 1046874
3514	 0.000314	 1047172
3515	 0.000311	 1047470
3516	 0.000312	 1047768
3517	 0.000311	 1048066
3518	 0.000312	 1048364
3519	 0.000310	 1045143
3520	 0.000311	 1045440
3521	 0.000311	 1045737
3522	 0.000310	 1046034
3523	 0.000311	 1046331
3524	 0.000311	 1046628
3525	 0.000311	 1046925
3526	 0.000312	 1047222
3527	 0.000314	 1047519
3528	 0.000311	 1047816
3529	 0.000312	 1048113
3530	 0.000311	 1048410
3531	 0.000311	 1045176
3532	 0.000310	 1045472
3533	 0.000311	 1045768
3534	 0.000311	 1046064
3535	 0.000311	 1046360
3536	 0.000311	 1046656
3537	 0.000311	 1046952
3538	 0.000311	 1047248
3539	 0.000313	 1047544
3540	 0.000312	 1047840
3541	 0.000311	 1048136
3542	 0.000312	 1048432
3543	 0.000311	 1045185
3544	 0.000311	 1045480
3545	 0.000311	 1045775
3546	 0.000311	 1046070
3547	 0.000310	 1046365
3548	 0.000311	 1046660
3549	 0.000311	 1046955
3550	 0.000312	 1047250
3551	 0.000311	 1047545
3552	 0.000314	 1047840
3553	 0.000311	 1048135
3554	 0.000312	 1048430
3555	 0.000310	 1045170
3556	 0.000311	 1045464
3557	 0.000311	 1045758
3558	 0.000310	 1046052
3559	 0.000311	 1046346
3560	 0.000311	 1046640
3561	 0.000311	 1046934
3562	 0.000311	 1047228
3563	 0.000311	 1047522
3564	 0.000311	 1047816
3565	 0.000325	 1048110
3566	 0.000311	 1048404
3567	 0.000311	 1045131
3568	 0.000310	 1045424
3569	 0.000311	 1045717
3570	 0.000311	 1046010
3571	 0.000310	 1046303
3572	 0.000311	 1046596
3573	 0.000311	 1046889
3574	 0.000311	 1047182
3575	 0.000312	 1047475
3576	 0.000312	 1047768
3577	 0.000311	 1048061
3578	 0.000323	 1048354
3579	 0.000311	 1045068
3580	 0.000311	 1045360
3581	 0.000311	 1045652
3582	 0.000311	 1045944
3583	 0.000311	 1046236
3584	 0.000311	 1046528
3585	 0.000311	 1046820
3586	 0.000311	 1047112
3587	 0.000311	 1047404
3588	 0.000312	 1047696
3589	 0.000312	 1047988
3590	 0.000312	 1048280
3591	 0.000314	 1048572
3592	 0.000310	 1045272
3593	 0.000311	 1045563
3594	 0.000311	 1045854
3595	 0.000310	 1046145
3596	 0.000311	 1046436
3597	 0.000311	 1046727
3598	 0.000311	 1047018
3599	 0.000311	 1047309
3600	 0.000311	 1047600
3601	 0.000312	 1047891
3602	 0.000311	 1048182
3603	 0.000314	 1048473
3604	 0.000310	 1045160
3605	 0.000311	 1045450
3606	 0.000311	 1045740
3607	 0.000311	 1046030
3608	 0.000311	 1046320
3609	 0.000311	 1046610
3610	 0.000311	 1046900
3611	 0.000311	 1047190
3612	 0.000311	 1047480
3613	 0.000312	 1047770
3614	 0.000311	 1048060
3615	 0.000311	 1048350
3616	 0.000313	 1045024
3617	 0.000311	 1045313
3618	 0.000310	 1045602
3619	 0.000323	 1045891
3620	 0.000311	 1046180
3621	 0.000311	 1046469
3622	 0.000311	 1046758
3623	 0.000311	 1047047
3624	 0.000311	 1047336
3625	 0.000311	 1047625
3626	 0.000311	 1047914
3627	 0.000312	 1048203
3628	 0.000312	 1048492
3629	 0.000312	 1045152
3630	 0.000311	 1045440
3631	 0.000311	 1045728
3632	 0.000311	 1046016
3633	 0.000311	 1046304
3634	 0.000311	 1046592
3635	 0.000311	 1046880
3636	 0.000311	 1047168
3637	 0.000312	 1047456
3638	 0.000312	 1047744
3639	 0.000311	 1048032
3640	 0.000311	 1048320
3641	 0.000311	 1044967
3642	 0.000313	 1045254
3643	 0.000310	 1045541
3644	 0.000311	 1045828
3645	 0.000311	 1046115
3646	 0.000311	 1046402
3647	 0.000311	 1046689
3648	 0.000311	 1046976
3649	 0.000312	 1047263
3650	 0.000312	 1047550
3651	 0.000311	 1047837
3652	 0.000311	 1048124
3653	 0.000312	 1048411
3654	 0.000311	 1045044
3655	 0.000312	 1045330
3656	 0.000311	 1045616
3657	 0.000311	 1045902
3658	 0.000310	 1046188
3659	 0.000311	 1046474
3660	 0.000311	 1046760
3661	 0.000311	 1047046
3662	 0.000311	 1047332
3663	 0.000311	 1047618
3664	 0.000312	 1047904
3665	 0.000311	 1048190
3666	 0.000312	 1048476
3667	 0.000312	 1045095
3668	 0.000311	 1045380
3669	 0.000310	 1045665
3670	 0.000311	 1045950
3671	 0.000323	 1046235
3672	 0.000311	 1046520
3673	 0.000311	 1046805
3674	 0.000311	 1047090
3675	 0.000311	 1047375
3676	 0.000311	 1047660
3677	 0.000311	 1047945
3678	 0.000312	 1048230
3679	 0.000311	 1048515
3680	 0.000313	 1045120
3681	 0.000311	 1045404
3682	 0.000310	 1045688
3683	 0.000310	 1045972
3684	 0.000311	 1046256
3685	 0.000311	 1046540
3686	 0.000311	 1046824
3687	 0.000311	 1047108
3688	 0.000311	 1047392
3689	 0.000311	 1047676
3690	 0.000312	 1047960
3691	 0.000311	 1048244
3692	 0.000311	 1048528
3693	 0.000313	 1045119
3694	 0.000310	 1045402
3695	 0.000310	 1045685
3696	 0.000311	 1045968
3697	 0.000311	 1046251
3698	 0.000311	 1046534
3699	 0.000311	 1046817
3700	 0.000311	 1047100
3701	 0.000311	 1047383
3702	 0.000311	 1047666
3703	 0.000311	 1047949
3704	 0.000312	 1048232
3705	 0.000311	 1048515
3706	 0.000313	 1045092
3707	 0.000310	 1045374
3708	 0.000311	 1045656
3709	 0.000311	 1045938
3710	 0.000311	 1046220
3711	 0.000311	 1046502
3712	 0.000311	 1046784
3713	 0.000311	 1047066
3714	 0.000312	 1047348
3715	 0.000311	 1047630
3716	 0.000311	 1047912
3717	 0.000311	 1048194
3718	 0.000312	 1048476
3719	 0.000312	 1045039
3720	 0.000310	 1045320
3721	 0.000311	 1045601
3722	 0.000310	 1045882
3723	 0.000311	 1046163
3724	 0.000311	 1046444
3725	 0.000311	 1046725
3726	 0.000324	 1047006
3727	 0.000311	 1047287
3728	 0.000311	 1047568
3729	 0.000311	 1047849
3730	 0.000312	 1048130
3731	 0.000316	 1048411
3732	 0.000477	 1044960
3733	 0.000451	 1045240
3734	 0.000311	 1045520
3735	 0.000310	 1045800
3736	 0.000311	 1046080
3737	 0.000311	 1046360
3738	 0.000311	 1046640
3739	 0.000355	 1046920
3740	 0.000312	 1047200
3741	 0.000311	 1047480
3742	 0.000311	 1047760
3743	 0.000317	 1048040
3744	 0.000311	 1048320
3745	 0.000310	 1044855
3746	 0.000311	 1045134
3747	 0.000310	 1045413
3748	 0.000311	 1045692
3749	 0.000310	 1045971
3750	 0.000311	 1046250
3751	 0.000311	 1046529
3752	 0.000311	 1046808
3753	 0.000311	 1047087
3754	 0.000311	 1047366
3755	 0.000311	 1047645
3756	 0.000313	 1047924
3757	 0.000312	 1048203
3758	 0.000311	 1048482
3759	 0.000310	 1045002
3760	 0.000311	 1045280
3761	 0.000310	 1045558
3762	 0.000311	 1045836
3763	 0.000311	 1046114
3764	 0.000311	 1046392
3765	 0.000311	 1046670
3766	 0.000311	 1046948
3767	 0.000311	 1047226
3768	 0.000311	 1047504
3769	 0.000314	 1047782
3770	 0.000311	 1048060
3771	 0.000311	 1048338
3772	 0.000311	 1044844
3773	 0.000310	 1045121
3774	 0.000310	 1045398
3775	 0.000311	 1045675
3776	 0.000311	 1045952
3777	 0.000311	 1046229
3778	 0.000310	 1046506
3779	 0.000328	 1046783
3780	 0.000311	 1047060
3781	 0.000314	 1047337
3782	 0.000311	 1047614
3783	 0.000311	 1047891
3784	 0.000312	 1048168
3785	 0.000311	 1048445
3786	 0.000310	 1044936
3787	 0.000311	 1045212
3788	 0.000310	 1045488
3789	 0.000311	 1045764
3790	 0.000311	 1046040
3791	 0.000310	 1046316
3792	 0.000317	 1046592
3793	 0.000310	 1046868
3794	 0.000314	 1047144
3795	 0.000311	 1047420
3796	 0.000311	 1047696
3797	 0.000311	 1047972
3798	 0.000312	 1048248
3799	 0.000312	 1048524
3800	 0.000310	 1045000
3801	 0.000311	 1045275
3802	 0.000310	 1045550
3803	 0.000311	 1045825
3804	 0.000311	 1046100
3805	 0.000310	 1046375
3806	 0.000311	 1046650
3807	 0.000314	 1046925
3808	 0.000311	 1047200
3809	 0.000311	 1047475
3810	 0.000311	 1047750
3811	 0.000311	 1048025
3812	 0.000312	 1048300
3813	 0.000311	 1048575
3814	 0.000310	 1045036
3815	 0.000311	 1045310
3816	 0.000310	 1045584
3817	 0.000311	 1045858
3818	 0.000311	 1046132
3819	 0.000310	 1046406
3820	 0.000313	 1046680
3821	 0.000311	 1046954
3822	 0.000311	 1047228
3823	 0.000311	 1047502
3824	 0.000311	 1047776
3825	 0.000312	 1048050
3826	 0.000311	 1048324
3827	 0.000310	 1044771
3828	 0.000311	 1045044
3829	 0.000310	 1045317
3830	 0.000311	 1045590
3831	 0.000323	 1045863
3832	 0.000311	 1046136
3833	 0.000313	 1046409
3834	 0.000311	 1046682
3835	 0.000311	 1046955
3836	 0.000311	 1047228
3837	 0.000311	 1047501
3838	 0.000312	 1047774
3839	 0.000311	 1048047
3840	 0.000311	 1048320
3841	 0.000310	 1044752
3842	 0.000311	 1045024
3843	 0.000310	 1045296
3844	 0.000310	 1045568
3845	 0.000313	 1045840
3846	 0.000318	 1046112
3847	 0.000310	 1046384
3848	 0.000311	 1046656
3849	 0.000311	 1046928
3850	 0.000311	 1047200
3851	 0.000311	 1047472
3852	 0.000311	 1047744
3853	 0.000311	 1048016
3854	 0.000311	 1048288
3855	 0.000312	 1048560
3856	 0.000310	 1044976
3857	 0.000310	 1045247
3858	 0.000313	 1045518
3859	 0.000311	 1045789
3860	 0.000310	 1046060
3861	 0.000311	 1046331
3862	 0.000311	 1046602
3863	 0.000311	 1046873
3864	 0.000311	 1047144
3865	 0.000311	 1047415
3866	 0.000311	 1047686
3867	 0.000312	 1047957
3868	 0.000311	 1048228
3869	 0.000312	 1048499
3870	 0.000310	 1044900
3871	 0.000313	 1045170
3872	 0.000311	 1045440
3873	 0.000311	 1045710
3874	 0.000311	 1045980
3875	 0.000310	 1046250
3876	 0.000311	 1046520
3877	 0.000311	 1046790
3878	 0.000311	 1047060
3879	 0.000311	 1047330
3880	 0.000311	 1047600
3881	 0.000312	 1047870
3882	 0.000312	 1048140
3883	 0.000311	 1048410
3884	 0.000313	 1044796
3885	 0.000310	 1045065
3886	 0.000323	 1045334
3887	 0.000311	 1045603
3888	 0.000310	 1045872
3889	 0.000311	 1046141
3890	 0.000311	 1046410
3891	 0.000311	 1046679
3892	 0.000311	 1046948
3893	 0.000311	 1047217
3894	 0.000311	 1047486
3895	 0.000311	 1047755
3896	 0.000312	 1048024
3897	 0.000314	 1048293
3898	 0.000311	 1048562
3899	 0.000310	 1044932
3900	 0.000311	 1045200
3901	 0.000310	 1045468
3902	 0.000311	 1045736
3903	 0.000310	 1046004
3904	 0.000311	 1046272
3905	 0.000311	 1046540
3906	 0.000311	 1046808
3907	 0.000311	 1047076
3908	 0.000312	 1047344
3909	 0.000313	 1047612
3910	 0.000311	 1047880
3911	 0.000311	 1048148
3912	 0.000312	 1048416
3913	 0.000310	 1044771
3914	 0.000310	 1045038
3915	 0.000311	 1045305
3916	 0.000310	 1045572
3917	 0.000311	 1045839
3918	 0.000311	 1046106
3919	 0.000310	 1046373
3920	 0.000311	 1046640
3921	 0.000311	 1046907
3922	 0.000313	 1047174
3923	 0.000311	 1047441
3924	 0.000311	 1047708
3925	 0.000312	 1047975
3926	 0.000311	 1048242
3927	 0.000311	 1048509
3928	 0.000310	 1044848
3929	 0.000311	 1045114
3930	 0.000310	 1045380
3931	 0.000311	 1045646
3932	 0.000311	 1045912
3933	 0.000311	 1046178
3934	 0.000311	 1046444
3935	 0.000313	 1046710
3936	 0.000311	 1046976
3937	 0.000326	 1047242
3938	 0.000311	 1047508
3939	 0.000311	 1047774
3940	 0.000311	 1048040
3941	 0.000312	 1048306
3942	 0.000311	 1048572
3943	 0.000310	 1044895
3944	 0.000310	 1045160
3945	 0.000311	 1045425
3946	 0.000311	 1045690
3947	 0.000311	 1045955
3948	 0.000314	 1046220
3949	 0.000311	 1046485
3950	 0.000311	 1046750
3951	 0.000311	 1047015
3952	 0.000311	 1047280
3953	 0.000311	 1047545
3954	 0.000312	 1047810
3955	 0.000312	 1048075
3956	 0.000311	 1048340
3957	 0.000310	 1044648
3958	 0.000311	 1044912
3959	 0.000310	 1045176
3960	 0.000311	 1045440
3961	 0.000312	 1045704
3962	 0.000311	 1045968
3963	 0.000310	 1046232
3964	 0.000311	 1046496
3965	 0.000311	 1046760
3966	 0.000311	 1047024
3967	 0.000311	 1047288
3968	 0.000311	 1047552
3969	 0.000311	 1047816
3970	 0.000311	 1048080
3971	 0.000311	 1048344
3972	 0.000311	 1044636
3973	 0.000313	 1044899
3974	 0.000310	 1045162
3975	 0.000310	 1045425
3976	 0.000311	 1045688
3977	 0.000310	 1045951
3978	 0.000311	 1046214
3979	 0.000311	 1046477
3980	 0.000310	 1046740
3981	 0.000311	 1047003
3982	 0.000311	 1047266
3983	 0.000311	 1047529
3984	 0.000311	 1047792
3985	 0.000311	 1048055
3986	 0.000325	 1048318
3987	 0.000310	 1044594
3988	 0.000310	 1044856
3989	 0.000311	 1045118
3990	 0.000310	 1045380
3991	 0.000311	 1045642
3992	 0.000322	 1045904
3993	 0.000310	 1046166
3994	 0.000311	 1046428
3995	 0.000311	 1046690
3996	 0.000311	 1046952
3997	 0.000311	 1047214
3998	 0.000311	 1047476
3999	 0.000314	 1047738
4000	 0.000311	 1048000
4001	 0.000312	 1048262
4002	 0.000311	 1048524
4003	 0.000310	 1044783
4004	 0.000310	 1045044
4005	 0.000311	 1045305
4006	 0.000310	 1045566
4007	 0.000311	 1045827
4008	 0.000311	 1046088
4009	 0.000310	 1046349
4010	 0.000311	 1046610
4011	 0.000311	 1046871
4012	 0.000313	 1047132
4013	 0.000311	 1047393
4014	 0.000311	 1047654
4015	 0.000311	 1047915
4016	 0.000311	 1048176
4017	 0.000311	 1048437
4018	 0.000311	 1044680
4019	 0.000311	 1044940
4020	 0.000310	 1045200
4021	 0.000310	 1045460
4022	 0.000311	 1045720
4023	 0.000310	 1045980
4024	 0.000311	 1046240
4025	 0.000313	 1046500
4026	 0.000311	 1046760
4027	 0.000311	 1047020
4028	 0.000310	 1047280
4029	 0.000311	 1047540
4030	 0.000312	 1047800
4031	 0.000312	 1048060
4032	 0.000311	 1048320
4033	 0.000310	 1044547
4034	 0.000310	 1044806
4035	 0.000311	 1045065
4036	 0.000310	 1045324
4037	 0.000311	 1045583
4038	 0.000313	 1045842
4039	 0.000311	 1046101
4040	 0.000310	 1046360
4041	 0.000311	 1046619
4042	 0.000311	 1046878
4043	 0.000322	 1047137
4044	 0.000311	 1047396
4045	 0.000311	 1047655
4046	 0.000311	 1047914
4047	 0.000312	 1048173
4048	 0.000311	 1048432
4049	 0.000310	 1044642
4050	 0.000313	 1044900
4051	 0.000310	 1045158
4052	 0.000310	 1045416
4053	 0.000311	 1045674
4054	 0.000310	 1045932
4055	 0.000311	 1046190
4056	 0.000311	 1046448
4057	 0.000310	 1046706
4058	 0.000311	 1046964
4059	 0.000311	 1047222
4060	 0.000311	 1047480
4061	 0.000311	 1047738
4062	 0.000311	 1047996
4063	 0.000314	 1048254
4064	 0.000311	 1048512
4065	 0.000310	 1044705
4066	 0.000310	 1044962
4067	 0.000311	 1045219
4068	 0.000310	 1045476
4069	 0.000310	 1045733
4070	 0.000311	 1045990
4071	 0.000310	 1046247
4072	 0.000311	 1046504
4073	 0.000311	 1046761
4074	 0.000311	 1047018
4075	 0.000311	 1047275
4076	 0.000313	 1047532
4077	 0.000311	 1047789
4078	 0.000311	 1048046
4079	 0.000311	 1048303
4080	 0.000312	 1048560
4081	 0.000310	 1044736
4082	 0.000310	 1044992
4083	 0.000311	 1045248
4084	 0.000311	 1045504
4085	 0.000311	 1045760
4086	 0.000311	 1046016
4087	 0.000310	 1046272
4088	 0.000311	 1046528
4089	 0.000313	 1046784
4090	 0.000311	 1047040
4091	 0.000311	 1047296
4092	 0.000311	 1047552
4093	 0.000311	 1047808
4094	 0.000311	 1048064
4095	 0.000312	 1048320
4096	 0.000311	 1048576
